# file created by code in harbour_fns_1896438.jl
# file created on 2026-03-09 at 15:39:42
# parameter: seed = 1896559
# parameter: T = 30000.0
# parameter: lower_interarrival = 11.0
# parameter: upper_interarrival = 59.0
# parameter: mean_process_times = [11.0, 16.0]
# parameter: max_queue = [9223372036854775807, 4]
# parameter: time_units = hours
time,event_id,event_type,timing,length_event_list,length_queue1,length_queue2,in_service1,in_service2
       0.000,     0,  Arrival,before,   0,   0,   0,   0,   0
       0.000,     0,  Arrival, after,   2,   0,   0,   1,   0
      10.017,     2,Finish(1),before,   1,   0,   0,   1,   0
      10.017,     2,Finish(1), after,   2,   0,   0,   0,   1
      25.657,     1,  Arrival,before,   1,   0,   0,   0,   1
      25.657,     1,  Arrival, after,   3,   0,   0,   1,   1
      33.418,     3,Finish(2),before,   2,   0,   0,   1,   1
      33.418,     3,Finish(2), after,   2,   0,   0,   1,   0
      37.442,     5,Finish(1),before,   1,   0,   0,   1,   0
      37.442,     5,Finish(1), after,   2,   0,   0,   0,   1
      53.856,     6,Finish(2),before,   1,   0,   0,   0,   1
      53.856,     6,Finish(2), after,   1,   0,   0,   0,   0
      75.353,     4,  Arrival,before,   0,   0,   0,   0,   0
      75.353,     4,  Arrival, after,   2,   0,   0,   1,   0
      77.119,     8,Finish(1),before,   1,   0,   0,   1,   0
      77.119,     8,Finish(1), after,   2,   0,   0,   0,   1
      93.418,     9,Finish(2),before,   1,   0,   0,   0,   1
      93.418,     9,Finish(2), after,   1,   0,   0,   0,   0
      93.732,     7,  Arrival,before,   0,   0,   0,   0,   0
      93.732,     7,  Arrival, after,   2,   0,   0,   1,   0
      95.084,    11,Finish(1),before,   1,   0,   0,   1,   0
      95.084,    11,Finish(1), after,   2,   0,   0,   0,   1
     111.028,    10,  Arrival,before,   1,   0,   0,   0,   1
     111.028,    10,  Arrival, after,   3,   0,   0,   1,   1
     111.427,    12,Finish(2),before,   2,   0,   0,   1,   1
     111.427,    12,Finish(2), after,   2,   0,   0,   1,   0
     112.094,    14,Finish(1),before,   1,   0,   0,   1,   0
     112.094,    14,Finish(1), after,   2,   0,   0,   0,   1
     126.184,    15,Finish(2),before,   1,   0,   0,   0,   1
     126.184,    15,Finish(2), after,   1,   0,   0,   0,   0
     150.994,    13,  Arrival,before,   0,   0,   0,   0,   0
     150.994,    13,  Arrival, after,   2,   0,   0,   1,   0
     153.786,    17,Finish(1),before,   1,   0,   0,   1,   0
     153.786,    17,Finish(1), after,   2,   0,   0,   0,   1
     168.687,    18,Finish(2),before,   1,   0,   0,   0,   1
     168.687,    18,Finish(2), after,   1,   0,   0,   0,   0
     193.086,    16,  Arrival,before,   0,   0,   0,   0,   0
     193.086,    16,  Arrival, after,   2,   0,   0,   1,   0
     193.700,    20,Finish(1),before,   1,   0,   0,   1,   0
     193.700,    20,Finish(1), after,   2,   0,   0,   0,   1
     207.891,    21,Finish(2),before,   1,   0,   0,   0,   1
     207.891,    21,Finish(2), after,   1,   0,   0,   0,   0
     236.021,    19,  Arrival,before,   0,   0,   0,   0,   0
     236.021,    19,  Arrival, after,   2,   0,   0,   1,   0
     239.044,    23,Finish(1),before,   1,   0,   0,   1,   0
     239.044,    23,Finish(1), after,   2,   0,   0,   0,   1
     255.447,    24,Finish(2),before,   1,   0,   0,   0,   1
     255.447,    24,Finish(2), after,   1,   0,   0,   0,   0
     282.503,    22,  Arrival,before,   0,   0,   0,   0,   0
     282.503,    22,  Arrival, after,   2,   0,   0,   1,   0
     288.524,    26,Finish(1),before,   1,   0,   0,   1,   0
     288.524,    26,Finish(1), after,   2,   0,   0,   0,   1
     303.468,    27,Finish(2),before,   1,   0,   0,   0,   1
     303.468,    27,Finish(2), after,   1,   0,   0,   0,   0
     324.391,    25,  Arrival,before,   0,   0,   0,   0,   0
     324.391,    25,  Arrival, after,   2,   0,   0,   1,   0
     334.096,    29,Finish(1),before,   1,   0,   0,   1,   0
     334.096,    29,Finish(1), after,   2,   0,   0,   0,   1
     350.707,    30,Finish(2),before,   1,   0,   0,   0,   1
     350.707,    30,Finish(2), after,   1,   0,   0,   0,   0
     365.443,    28,  Arrival,before,   0,   0,   0,   0,   0
     365.443,    28,  Arrival, after,   2,   0,   0,   1,   0
     368.793,    32,Finish(1),before,   1,   0,   0,   1,   0
     368.793,    32,Finish(1), after,   2,   0,   0,   0,   1
     385.452,    33,Finish(2),before,   1,   0,   0,   0,   1
     385.452,    33,Finish(2), after,   1,   0,   0,   0,   0
     408.287,    31,  Arrival,before,   0,   0,   0,   0,   0
     408.287,    31,  Arrival, after,   2,   0,   0,   1,   0
     412.741,    35,Finish(1),before,   1,   0,   0,   1,   0
     412.741,    35,Finish(1), after,   2,   0,   0,   0,   1
     429.975,    36,Finish(2),before,   1,   0,   0,   0,   1
     429.975,    36,Finish(2), after,   1,   0,   0,   0,   0
     441.189,    34,  Arrival,before,   0,   0,   0,   0,   0
     441.189,    34,  Arrival, after,   2,   0,   0,   1,   0
     454.066,    38,Finish(1),before,   1,   0,   0,   1,   0
     454.066,    38,Finish(1), after,   2,   0,   0,   0,   1
     474.777,    39,Finish(2),before,   1,   0,   0,   0,   1
     474.777,    39,Finish(2), after,   1,   0,   0,   0,   0
     492.219,    37,  Arrival,before,   0,   0,   0,   0,   0
     492.219,    37,  Arrival, after,   2,   0,   0,   1,   0
     498.962,    41,Finish(1),before,   1,   0,   0,   1,   0
     498.962,    41,Finish(1), after,   2,   0,   0,   0,   1
     514.584,    42,Finish(2),before,   1,   0,   0,   0,   1
     514.584,    42,Finish(2), after,   1,   0,   0,   0,   0
     528.514,    40,  Arrival,before,   0,   0,   0,   0,   0
     528.514,    40,  Arrival, after,   2,   0,   0,   1,   0
     533.547,    44,Finish(1),before,   1,   0,   0,   1,   0
     533.547,    44,Finish(1), after,   2,   0,   0,   0,   1
     543.626,    43,  Arrival,before,   1,   0,   0,   0,   1
     543.626,    43,  Arrival, after,   3,   0,   0,   1,   1
     544.624,    47,Finish(1),before,   2,   0,   0,   1,   1
     544.624,    47,Finish(1), after,   2,   0,   1,   0,   1
     546.460,    45,Finish(2),before,   1,   0,   1,   0,   1
     546.460,    45,Finish(2), after,   2,   0,   0,   0,   1
     564.663,    48,Finish(2),before,   1,   0,   0,   0,   1
     564.663,    48,Finish(2), after,   1,   0,   0,   0,   0
     593.940,    46,  Arrival,before,   0,   0,   0,   0,   0
     593.940,    46,  Arrival, after,   2,   0,   0,   1,   0
     621.709,    50,Finish(1),before,   1,   0,   0,   1,   0
     621.709,    50,Finish(1), after,   2,   0,   0,   0,   1
     629.406,    49,  Arrival,before,   1,   0,   0,   0,   1
     629.406,    49,  Arrival, after,   3,   0,   0,   1,   1
     631.776,    53,Finish(1),before,   2,   0,   0,   1,   1
     631.776,    53,Finish(1), after,   2,   0,   1,   0,   1
     638.142,    51,Finish(2),before,   1,   0,   1,   0,   1
     638.142,    51,Finish(2), after,   2,   0,   0,   0,   1
     640.759,    52,  Arrival,before,   1,   0,   0,   0,   1
     640.759,    52,  Arrival, after,   3,   0,   0,   1,   1
     654.467,    54,Finish(2),before,   2,   0,   0,   1,   1
     654.467,    54,Finish(2), after,   2,   0,   0,   1,   0
     654.885,    56,Finish(1),before,   1,   0,   0,   1,   0
     654.885,    56,Finish(1), after,   2,   0,   0,   0,   1
     664.584,    55,  Arrival,before,   1,   0,   0,   0,   1
     664.584,    55,  Arrival, after,   3,   0,   0,   1,   1
     667.975,    57,Finish(2),before,   2,   0,   0,   1,   1
     667.975,    57,Finish(2), after,   2,   0,   0,   1,   0
     670.707,    59,Finish(1),before,   1,   0,   0,   1,   0
     670.707,    59,Finish(1), after,   2,   0,   0,   0,   1
     683.508,    60,Finish(2),before,   1,   0,   0,   0,   1
     683.508,    60,Finish(2), after,   1,   0,   0,   0,   0
     692.502,    58,  Arrival,before,   0,   0,   0,   0,   0
     692.502,    58,  Arrival, after,   2,   0,   0,   1,   0
     695.737,    62,Finish(1),before,   1,   0,   0,   1,   0
     695.737,    62,Finish(1), after,   2,   0,   0,   0,   1
     716.006,    63,Finish(2),before,   1,   0,   0,   0,   1
     716.006,    63,Finish(2), after,   1,   0,   0,   0,   0
     719.090,    61,  Arrival,before,   0,   0,   0,   0,   0
     719.090,    61,  Arrival, after,   2,   0,   0,   1,   0
     720.723,    65,Finish(1),before,   1,   0,   0,   1,   0
     720.723,    65,Finish(1), after,   2,   0,   0,   0,   1
     744.407,    66,Finish(2),before,   1,   0,   0,   0,   1
     744.407,    66,Finish(2), after,   1,   0,   0,   0,   0
     765.021,    64,  Arrival,before,   0,   0,   0,   0,   0
     765.021,    64,  Arrival, after,   2,   0,   0,   1,   0
     772.791,    68,Finish(1),before,   1,   0,   0,   1,   0
     772.791,    68,Finish(1), after,   2,   0,   0,   0,   1
     786.724,    69,Finish(2),before,   1,   0,   0,   0,   1
     786.724,    69,Finish(2), after,   1,   0,   0,   0,   0
     821.989,    67,  Arrival,before,   0,   0,   0,   0,   0
     821.989,    67,  Arrival, after,   2,   0,   0,   1,   0
     832.123,    71,Finish(1),before,   1,   0,   0,   1,   0
     832.123,    71,Finish(1), after,   2,   0,   0,   0,   1
     843.927,    70,  Arrival,before,   1,   0,   0,   0,   1
     843.927,    70,  Arrival, after,   3,   0,   0,   1,   1
     852.356,    72,Finish(2),before,   2,   0,   0,   1,   1
     852.356,    72,Finish(2), after,   2,   0,   0,   1,   0
     857.802,    74,Finish(1),before,   1,   0,   0,   1,   0
     857.802,    74,Finish(1), after,   2,   0,   0,   0,   1
     873.011,    75,Finish(2),before,   1,   0,   0,   0,   1
     873.011,    75,Finish(2), after,   1,   0,   0,   0,   0
     879.197,    73,  Arrival,before,   0,   0,   0,   0,   0
     879.197,    73,  Arrival, after,   2,   0,   0,   1,   0
     894.331,    77,Finish(1),before,   1,   0,   0,   1,   0
     894.331,    77,Finish(1), after,   2,   0,   0,   0,   1
     910.759,    78,Finish(2),before,   1,   0,   0,   0,   1
     910.759,    78,Finish(2), after,   1,   0,   0,   0,   0
     925.599,    76,  Arrival,before,   0,   0,   0,   0,   0
     925.599,    76,  Arrival, after,   2,   0,   0,   1,   0
     943.940,    80,Finish(1),before,   1,   0,   0,   1,   0
     943.940,    80,Finish(1), after,   2,   0,   0,   0,   1
     957.165,    81,Finish(2),before,   1,   0,   0,   0,   1
     957.165,    81,Finish(2), after,   1,   0,   0,   0,   0
     977.043,    79,  Arrival,before,   0,   0,   0,   0,   0
     977.043,    79,  Arrival, after,   2,   0,   0,   1,   0
     978.695,    83,Finish(1),before,   1,   0,   0,   1,   0
     978.695,    83,Finish(1), after,   2,   0,   0,   0,   1
     995.203,    84,Finish(2),before,   1,   0,   0,   0,   1
     995.203,    84,Finish(2), after,   1,   0,   0,   0,   0
    1014.456,    82,  Arrival,before,   0,   0,   0,   0,   0
    1014.456,    82,  Arrival, after,   2,   0,   0,   1,   0
    1015.104,    86,Finish(1),before,   1,   0,   0,   1,   0
    1015.104,    86,Finish(1), after,   2,   0,   0,   0,   1
    1033.067,    87,Finish(2),before,   1,   0,   0,   0,   1
    1033.067,    87,Finish(2), after,   1,   0,   0,   0,   0
    1070.102,    85,  Arrival,before,   0,   0,   0,   0,   0
    1070.102,    85,  Arrival, after,   2,   0,   0,   1,   0
    1096.393,    89,Finish(1),before,   1,   0,   0,   1,   0
    1096.393,    89,Finish(1), after,   2,   0,   0,   0,   1
    1104.913,    88,  Arrival,before,   1,   0,   0,   0,   1
    1104.913,    88,  Arrival, after,   3,   0,   0,   1,   1
    1110.858,    90,Finish(2),before,   2,   0,   0,   1,   1
    1110.858,    90,Finish(2), after,   2,   0,   0,   1,   0
    1124.079,    92,Finish(1),before,   1,   0,   0,   1,   0
    1124.079,    92,Finish(1), after,   2,   0,   0,   0,   1
    1136.175,    91,  Arrival,before,   1,   0,   0,   0,   1
    1136.175,    91,  Arrival, after,   3,   0,   0,   1,   1
    1139.411,    93,Finish(2),before,   2,   0,   0,   1,   1
    1139.411,    93,Finish(2), after,   2,   0,   0,   1,   0
    1150.772,    95,Finish(1),before,   1,   0,   0,   1,   0
    1150.772,    95,Finish(1), after,   2,   0,   0,   0,   1
    1164.575,    96,Finish(2),before,   1,   0,   0,   0,   1
    1164.575,    96,Finish(2), after,   1,   0,   0,   0,   0
    1185.235,    94,  Arrival,before,   0,   0,   0,   0,   0
    1185.235,    94,  Arrival, after,   2,   0,   0,   1,   0
    1189.093,    98,Finish(1),before,   1,   0,   0,   1,   0
    1189.093,    98,Finish(1), after,   2,   0,   0,   0,   1
    1204.814,    99,Finish(2),before,   1,   0,   0,   0,   1
    1204.814,    99,Finish(2), after,   1,   0,   0,   0,   0
    1214.925,    97,  Arrival,before,   0,   0,   0,   0,   0
    1214.925,    97,  Arrival, after,   2,   0,   0,   1,   0
    1219.257,   101,Finish(1),before,   1,   0,   0,   1,   0
    1219.257,   101,Finish(1), after,   2,   0,   0,   0,   1
    1227.688,   102,Finish(2),before,   1,   0,   0,   0,   1
    1227.688,   102,Finish(2), after,   1,   0,   0,   0,   0
    1232.776,   100,  Arrival,before,   0,   0,   0,   0,   0
    1232.776,   100,  Arrival, after,   2,   0,   0,   1,   0
    1232.918,   104,Finish(1),before,   1,   0,   0,   1,   0
    1232.918,   104,Finish(1), after,   2,   0,   0,   0,   1
    1248.414,   105,Finish(2),before,   1,   0,   0,   0,   1
    1248.414,   105,Finish(2), after,   1,   0,   0,   0,   0
    1278.860,   103,  Arrival,before,   0,   0,   0,   0,   0
    1278.860,   103,  Arrival, after,   2,   0,   0,   1,   0
    1279.709,   107,Finish(1),before,   1,   0,   0,   1,   0
    1279.709,   107,Finish(1), after,   2,   0,   0,   0,   1
    1294.575,   108,Finish(2),before,   1,   0,   0,   0,   1
    1294.575,   108,Finish(2), after,   1,   0,   0,   0,   0
    1307.964,   106,  Arrival,before,   0,   0,   0,   0,   0
    1307.964,   106,  Arrival, after,   2,   0,   0,   1,   0
    1310.598,   110,Finish(1),before,   1,   0,   0,   1,   0
    1310.598,   110,Finish(1), after,   2,   0,   0,   0,   1
    1323.137,   111,Finish(2),before,   1,   0,   0,   0,   1
    1323.137,   111,Finish(2), after,   1,   0,   0,   0,   0
    1327.783,   109,  Arrival,before,   0,   0,   0,   0,   0
    1327.783,   109,  Arrival, after,   2,   0,   0,   1,   0
    1343.642,   113,Finish(1),before,   1,   0,   0,   1,   0
    1343.642,   113,Finish(1), after,   2,   0,   0,   0,   1
    1356.952,   114,Finish(2),before,   1,   0,   0,   0,   1
    1356.952,   114,Finish(2), after,   1,   0,   0,   0,   0
    1367.155,   112,  Arrival,before,   0,   0,   0,   0,   0
    1367.155,   112,  Arrival, after,   2,   0,   0,   1,   0
    1373.977,   116,Finish(1),before,   1,   0,   0,   1,   0
    1373.977,   116,Finish(1), after,   2,   0,   0,   0,   1
    1380.058,   115,  Arrival,before,   1,   0,   0,   0,   1
    1380.058,   115,  Arrival, after,   3,   0,   0,   1,   1
    1392.130,   117,Finish(2),before,   2,   0,   0,   1,   1
    1392.130,   117,Finish(2), after,   2,   0,   0,   1,   0
    1406.412,   118,  Arrival,before,   1,   0,   0,   1,   0
    1406.412,   118,  Arrival, after,   2,   1,   0,   1,   0
    1418.810,   119,Finish(1),before,   1,   1,   0,   1,   0
    1418.810,   119,Finish(1), after,   3,   0,   0,   1,   1
    1427.693,   121,Finish(1),before,   2,   0,   0,   1,   1
    1427.693,   121,Finish(1), after,   2,   0,   1,   0,   1
    1437.280,   120,  Arrival,before,   1,   0,   1,   0,   1
    1437.280,   120,  Arrival, after,   3,   0,   1,   1,   1
    1439.775,   122,Finish(2),before,   2,   0,   1,   1,   1
    1439.775,   122,Finish(2), after,   3,   0,   0,   1,   1
    1444.424,   124,Finish(1),before,   2,   0,   0,   1,   1
    1444.424,   124,Finish(1), after,   2,   0,   1,   0,   1
    1453.979,   125,Finish(2),before,   1,   0,   1,   0,   1
    1453.979,   125,Finish(2), after,   2,   0,   0,   0,   1
    1464.332,   126,Finish(2),before,   1,   0,   0,   0,   1
    1464.332,   126,Finish(2), after,   1,   0,   0,   0,   0
    1487.127,   123,  Arrival,before,   0,   0,   0,   0,   0
    1487.127,   123,  Arrival, after,   2,   0,   0,   1,   0
    1499.809,   128,Finish(1),before,   1,   0,   0,   1,   0
    1499.809,   128,Finish(1), after,   2,   0,   0,   0,   1
    1517.129,   129,Finish(2),before,   1,   0,   0,   0,   1
    1517.129,   129,Finish(2), after,   1,   0,   0,   0,   0
    1518.865,   127,  Arrival,before,   0,   0,   0,   0,   0
    1518.865,   127,  Arrival, after,   2,   0,   0,   1,   0
    1554.683,   131,Finish(1),before,   1,   0,   0,   1,   0
    1554.683,   131,Finish(1), after,   2,   0,   0,   0,   1
    1574.179,   132,Finish(2),before,   1,   0,   0,   0,   1
    1574.179,   132,Finish(2), after,   1,   0,   0,   0,   0
    1575.071,   130,  Arrival,before,   0,   0,   0,   0,   0
    1575.071,   130,  Arrival, after,   2,   0,   0,   1,   0
    1592.799,   134,Finish(1),before,   1,   0,   0,   1,   0
    1592.799,   134,Finish(1), after,   2,   0,   0,   0,   1
    1610.058,   135,Finish(2),before,   1,   0,   0,   0,   1
    1610.058,   135,Finish(2), after,   1,   0,   0,   0,   0
    1631.341,   133,  Arrival,before,   0,   0,   0,   0,   0
    1631.341,   133,  Arrival, after,   2,   0,   0,   1,   0
    1644.085,   137,Finish(1),before,   1,   0,   0,   1,   0
    1644.085,   137,Finish(1), after,   2,   0,   0,   0,   1
    1659.125,   138,Finish(2),before,   1,   0,   0,   0,   1
    1659.125,   138,Finish(2), after,   1,   0,   0,   0,   0
    1677.803,   136,  Arrival,before,   0,   0,   0,   0,   0
    1677.803,   136,  Arrival, after,   2,   0,   0,   1,   0
    1690.473,   140,Finish(1),before,   1,   0,   0,   1,   0
    1690.473,   140,Finish(1), after,   2,   0,   0,   0,   1
    1703.617,   141,Finish(2),before,   1,   0,   0,   0,   1
    1703.617,   141,Finish(2), after,   1,   0,   0,   0,   0
    1719.063,   139,  Arrival,before,   0,   0,   0,   0,   0
    1719.063,   139,  Arrival, after,   2,   0,   0,   1,   0
    1733.907,   142,  Arrival,before,   1,   0,   0,   1,   0
    1733.907,   142,  Arrival, after,   2,   1,   0,   1,   0
    1758.288,   143,Finish(1),before,   1,   1,   0,   1,   0
    1758.288,   143,Finish(1), after,   3,   0,   0,   1,   1
    1762.365,   145,Finish(1),before,   2,   0,   0,   1,   1
    1762.365,   145,Finish(1), after,   2,   0,   1,   0,   1
    1774.535,   146,Finish(2),before,   1,   0,   1,   0,   1
    1774.535,   146,Finish(2), after,   2,   0,   0,   0,   1
    1779.616,   144,  Arrival,before,   1,   0,   0,   0,   1
    1779.616,   144,  Arrival, after,   3,   0,   0,   1,   1
    1780.611,   149,Finish(1),before,   2,   0,   0,   1,   1
    1780.611,   149,Finish(1), after,   2,   0,   1,   0,   1
    1790.181,   147,Finish(2),before,   1,   0,   1,   0,   1
    1790.181,   147,Finish(2), after,   2,   0,   0,   0,   1
    1804.317,   150,Finish(2),before,   1,   0,   0,   0,   1
    1804.317,   150,Finish(2), after,   1,   0,   0,   0,   0
    1822.651,   148,  Arrival,before,   0,   0,   0,   0,   0
    1822.651,   148,  Arrival, after,   2,   0,   0,   1,   0
    1833.072,   152,Finish(1),before,   1,   0,   0,   1,   0
    1833.072,   152,Finish(1), after,   2,   0,   0,   0,   1
    1847.708,   153,Finish(2),before,   1,   0,   0,   0,   1
    1847.708,   153,Finish(2), after,   1,   0,   0,   0,   0
    1853.826,   151,  Arrival,before,   0,   0,   0,   0,   0
    1853.826,   151,  Arrival, after,   2,   0,   0,   1,   0
    1855.394,   155,Finish(1),before,   1,   0,   0,   1,   0
    1855.394,   155,Finish(1), after,   2,   0,   0,   0,   1
    1866.997,   156,Finish(2),before,   1,   0,   0,   0,   1
    1866.997,   156,Finish(2), after,   1,   0,   0,   0,   0
    1883.933,   154,  Arrival,before,   0,   0,   0,   0,   0
    1883.933,   154,  Arrival, after,   2,   0,   0,   1,   0
    1889.560,   158,Finish(1),before,   1,   0,   0,   1,   0
    1889.560,   158,Finish(1), after,   2,   0,   0,   0,   1
    1903.505,   159,Finish(2),before,   1,   0,   0,   0,   1
    1903.505,   159,Finish(2), after,   1,   0,   0,   0,   0
    1916.599,   157,  Arrival,before,   0,   0,   0,   0,   0
    1916.599,   157,  Arrival, after,   2,   0,   0,   1,   0
    1927.889,   161,Finish(1),before,   1,   0,   0,   1,   0
    1927.889,   161,Finish(1), after,   2,   0,   0,   0,   1
    1932.921,   160,  Arrival,before,   1,   0,   0,   0,   1
    1932.921,   160,  Arrival, after,   3,   0,   0,   1,   1
    1936.379,   164,Finish(1),before,   2,   0,   0,   1,   1
    1936.379,   164,Finish(1), after,   2,   0,   1,   0,   1
    1946.113,   162,Finish(2),before,   1,   0,   1,   0,   1
    1946.113,   162,Finish(2), after,   2,   0,   0,   0,   1
    1967.238,   165,Finish(2),before,   1,   0,   0,   0,   1
    1967.238,   165,Finish(2), after,   1,   0,   0,   0,   0
    1975.094,   163,  Arrival,before,   0,   0,   0,   0,   0
    1975.094,   163,  Arrival, after,   2,   0,   0,   1,   0
    1978.770,   167,Finish(1),before,   1,   0,   0,   1,   0
    1978.770,   167,Finish(1), after,   2,   0,   0,   0,   1
    1997.020,   168,Finish(2),before,   1,   0,   0,   0,   1
    1997.020,   168,Finish(2), after,   1,   0,   0,   0,   0
    2006.612,   166,  Arrival,before,   0,   0,   0,   0,   0
    2006.612,   166,  Arrival, after,   2,   0,   0,   1,   0
    2031.862,   170,Finish(1),before,   1,   0,   0,   1,   0
    2031.862,   170,Finish(1), after,   2,   0,   0,   0,   1
    2044.522,   171,Finish(2),before,   1,   0,   0,   0,   1
    2044.522,   171,Finish(2), after,   1,   0,   0,   0,   0
    2058.557,   169,  Arrival,before,   0,   0,   0,   0,   0
    2058.557,   169,  Arrival, after,   2,   0,   0,   1,   0
    2060.869,   173,Finish(1),before,   1,   0,   0,   1,   0
    2060.869,   173,Finish(1), after,   2,   0,   0,   0,   1
    2077.113,   174,Finish(2),before,   1,   0,   0,   0,   1
    2077.113,   174,Finish(2), after,   1,   0,   0,   0,   0
    2110.600,   172,  Arrival,before,   0,   0,   0,   0,   0
    2110.600,   172,  Arrival, after,   2,   0,   0,   1,   0
    2119.647,   176,Finish(1),before,   1,   0,   0,   1,   0
    2119.647,   176,Finish(1), after,   2,   0,   0,   0,   1
    2133.292,   177,Finish(2),before,   1,   0,   0,   0,   1
    2133.292,   177,Finish(2), after,   1,   0,   0,   0,   0
    2138.515,   175,  Arrival,before,   0,   0,   0,   0,   0
    2138.515,   175,  Arrival, after,   2,   0,   0,   1,   0
    2146.419,   179,Finish(1),before,   1,   0,   0,   1,   0
    2146.419,   179,Finish(1), after,   2,   0,   0,   0,   1
    2163.101,   180,Finish(2),before,   1,   0,   0,   0,   1
    2163.101,   180,Finish(2), after,   1,   0,   0,   0,   0
    2165.626,   178,  Arrival,before,   0,   0,   0,   0,   0
    2165.626,   178,  Arrival, after,   2,   0,   0,   1,   0
    2182.197,   182,Finish(1),before,   1,   0,   0,   1,   0
    2182.197,   182,Finish(1), after,   2,   0,   0,   0,   1
    2188.602,   181,  Arrival,before,   1,   0,   0,   0,   1
    2188.602,   181,  Arrival, after,   3,   0,   0,   1,   1
    2191.124,   185,Finish(1),before,   2,   0,   0,   1,   1
    2191.124,   185,Finish(1), after,   2,   0,   1,   0,   1
    2197.148,   183,Finish(2),before,   1,   0,   1,   0,   1
    2197.148,   183,Finish(2), after,   2,   0,   0,   0,   1
    2209.186,   186,Finish(2),before,   1,   0,   0,   0,   1
    2209.186,   186,Finish(2), after,   1,   0,   0,   0,   0
    2236.115,   184,  Arrival,before,   0,   0,   0,   0,   0
    2236.115,   184,  Arrival, after,   2,   0,   0,   1,   0
    2249.306,   188,Finish(1),before,   1,   0,   0,   1,   0
    2249.306,   188,Finish(1), after,   2,   0,   0,   0,   1
    2254.319,   187,  Arrival,before,   1,   0,   0,   0,   1
    2254.319,   187,  Arrival, after,   3,   0,   0,   1,   1
    2264.372,   189,Finish(2),before,   2,   0,   0,   1,   1
    2264.372,   189,Finish(2), after,   2,   0,   0,   1,   0
    2268.467,   191,Finish(1),before,   1,   0,   0,   1,   0
    2268.467,   191,Finish(1), after,   2,   0,   0,   0,   1
    2284.892,   192,Finish(2),before,   1,   0,   0,   0,   1
    2284.892,   192,Finish(2), after,   1,   0,   0,   0,   0
    2290.628,   190,  Arrival,before,   0,   0,   0,   0,   0
    2290.628,   190,  Arrival, after,   2,   0,   0,   1,   0
    2297.676,   194,Finish(1),before,   1,   0,   0,   1,   0
    2297.676,   194,Finish(1), after,   2,   0,   0,   0,   1
    2311.516,   195,Finish(2),before,   1,   0,   0,   0,   1
    2311.516,   195,Finish(2), after,   1,   0,   0,   0,   0
    2332.486,   193,  Arrival,before,   0,   0,   0,   0,   0
    2332.486,   193,  Arrival, after,   2,   0,   0,   1,   0
    2334.563,   197,Finish(1),before,   1,   0,   0,   1,   0
    2334.563,   197,Finish(1), after,   2,   0,   0,   0,   1
    2349.366,   198,Finish(2),before,   1,   0,   0,   0,   1
    2349.366,   198,Finish(2), after,   1,   0,   0,   0,   0
    2374.426,   196,  Arrival,before,   0,   0,   0,   0,   0
    2374.426,   196,  Arrival, after,   2,   0,   0,   1,   0
    2376.727,   200,Finish(1),before,   1,   0,   0,   1,   0
    2376.727,   200,Finish(1), after,   2,   0,   0,   0,   1
    2392.044,   201,Finish(2),before,   1,   0,   0,   0,   1
    2392.044,   201,Finish(2), after,   1,   0,   0,   0,   0
    2418.438,   199,  Arrival,before,   0,   0,   0,   0,   0
    2418.438,   199,  Arrival, after,   2,   0,   0,   1,   0
    2445.159,   202,  Arrival,before,   1,   0,   0,   1,   0
    2445.159,   202,  Arrival, after,   2,   1,   0,   1,   0
    2454.071,   203,Finish(1),before,   1,   1,   0,   1,   0
    2454.071,   203,Finish(1), after,   3,   0,   0,   1,   1
    2465.484,   205,Finish(1),before,   2,   0,   0,   1,   1
    2465.484,   205,Finish(1), after,   2,   0,   1,   0,   1
    2471.925,   206,Finish(2),before,   1,   0,   1,   0,   1
    2471.925,   206,Finish(2), after,   2,   0,   0,   0,   1
    2479.776,   204,  Arrival,before,   1,   0,   0,   0,   1
    2479.776,   204,  Arrival, after,   3,   0,   0,   1,   1
    2481.730,   209,Finish(1),before,   2,   0,   0,   1,   1
    2481.730,   209,Finish(1), after,   2,   0,   1,   0,   1
    2487.951,   207,Finish(2),before,   1,   0,   1,   0,   1
    2487.951,   207,Finish(2), after,   2,   0,   0,   0,   1
    2499.325,   208,  Arrival,before,   1,   0,   0,   0,   1
    2499.325,   208,  Arrival, after,   3,   0,   0,   1,   1
    2504.563,   212,Finish(1),before,   2,   0,   0,   1,   1
    2504.563,   212,Finish(1), after,   2,   0,   1,   0,   1
    2505.683,   210,Finish(2),before,   1,   0,   1,   0,   1
    2505.683,   210,Finish(2), after,   2,   0,   0,   0,   1
    2515.856,   213,Finish(2),before,   1,   0,   0,   0,   1
    2515.856,   213,Finish(2), after,   1,   0,   0,   0,   0
    2552.489,   211,  Arrival,before,   0,   0,   0,   0,   0
    2552.489,   211,  Arrival, after,   2,   0,   0,   1,   0
    2556.661,   215,Finish(1),before,   1,   0,   0,   1,   0
    2556.661,   215,Finish(1), after,   2,   0,   0,   0,   1
    2565.558,   214,  Arrival,before,   1,   0,   0,   0,   1
    2565.558,   214,  Arrival, after,   3,   0,   0,   1,   1
    2572.934,   218,Finish(1),before,   2,   0,   0,   1,   1
    2572.934,   218,Finish(1), after,   2,   0,   1,   0,   1
    2575.864,   216,Finish(2),before,   1,   0,   1,   0,   1
    2575.864,   216,Finish(2), after,   2,   0,   0,   0,   1
    2594.795,   217,  Arrival,before,   1,   0,   0,   0,   1
    2594.795,   217,  Arrival, after,   3,   0,   0,   1,   1
    2599.096,   219,Finish(2),before,   2,   0,   0,   1,   1
    2599.096,   219,Finish(2), after,   2,   0,   0,   1,   0
    2608.880,   221,Finish(1),before,   1,   0,   0,   1,   0
    2608.880,   221,Finish(1), after,   2,   0,   0,   0,   1
    2614.361,   220,  Arrival,before,   1,   0,   0,   0,   1
    2614.361,   220,  Arrival, after,   3,   0,   0,   1,   1
    2621.435,   222,Finish(2),before,   2,   0,   0,   1,   1
    2621.435,   222,Finish(2), after,   2,   0,   0,   1,   0
    2623.368,   224,Finish(1),before,   1,   0,   0,   1,   0
    2623.368,   224,Finish(1), after,   2,   0,   0,   0,   1
    2640.266,   225,Finish(2),before,   1,   0,   0,   0,   1
    2640.266,   225,Finish(2), after,   1,   0,   0,   0,   0
    2667.172,   223,  Arrival,before,   0,   0,   0,   0,   0
    2667.172,   223,  Arrival, after,   2,   0,   0,   1,   0
    2675.196,   227,Finish(1),before,   1,   0,   0,   1,   0
    2675.196,   227,Finish(1), after,   2,   0,   0,   0,   1
    2691.495,   228,Finish(2),before,   1,   0,   0,   0,   1
    2691.495,   228,Finish(2), after,   1,   0,   0,   0,   0
    2706.837,   226,  Arrival,before,   0,   0,   0,   0,   0
    2706.837,   226,  Arrival, after,   2,   0,   0,   1,   0
    2709.041,   230,Finish(1),before,   1,   0,   0,   1,   0
    2709.041,   230,Finish(1), after,   2,   0,   0,   0,   1
    2725.832,   231,Finish(2),before,   1,   0,   0,   0,   1
    2725.832,   231,Finish(2), after,   1,   0,   0,   0,   0
    2733.011,   229,  Arrival,before,   0,   0,   0,   0,   0
    2733.011,   229,  Arrival, after,   2,   0,   0,   1,   0
    2760.872,   233,Finish(1),before,   1,   0,   0,   1,   0
    2760.872,   233,Finish(1), after,   2,   0,   0,   0,   1
    2779.750,   232,  Arrival,before,   1,   0,   0,   0,   1
    2779.750,   232,  Arrival, after,   3,   0,   0,   1,   1
    2782.353,   234,Finish(2),before,   2,   0,   0,   1,   1
    2782.353,   234,Finish(2), after,   2,   0,   0,   1,   0
    2785.324,   236,Finish(1),before,   1,   0,   0,   1,   0
    2785.324,   236,Finish(1), after,   2,   0,   0,   0,   1
    2802.015,   237,Finish(2),before,   1,   0,   0,   0,   1
    2802.015,   237,Finish(2), after,   1,   0,   0,   0,   0
    2817.666,   235,  Arrival,before,   0,   0,   0,   0,   0
    2817.666,   235,  Arrival, after,   2,   0,   0,   1,   0
    2822.527,   239,Finish(1),before,   1,   0,   0,   1,   0
    2822.527,   239,Finish(1), after,   2,   0,   0,   0,   1
    2837.448,   240,Finish(2),before,   1,   0,   0,   0,   1
    2837.448,   240,Finish(2), after,   1,   0,   0,   0,   0
    2876.536,   238,  Arrival,before,   0,   0,   0,   0,   0
    2876.536,   238,  Arrival, after,   2,   0,   0,   1,   0
    2892.964,   242,Finish(1),before,   1,   0,   0,   1,   0
    2892.964,   242,Finish(1), after,   2,   0,   0,   0,   1
    2899.791,   241,  Arrival,before,   1,   0,   0,   0,   1
    2899.791,   241,  Arrival, after,   3,   0,   0,   1,   1
    2908.247,   245,Finish(1),before,   2,   0,   0,   1,   1
    2908.247,   245,Finish(1), after,   2,   0,   1,   0,   1
    2910.316,   243,Finish(2),before,   1,   0,   1,   0,   1
    2910.316,   243,Finish(2), after,   2,   0,   0,   0,   1
    2922.717,   244,  Arrival,before,   1,   0,   0,   0,   1
    2922.717,   244,  Arrival, after,   3,   0,   0,   1,   1
    2926.173,   246,Finish(2),before,   2,   0,   0,   1,   1
    2926.173,   246,Finish(2), after,   2,   0,   0,   1,   0
    2932.038,   248,Finish(1),before,   1,   0,   0,   1,   0
    2932.038,   248,Finish(1), after,   2,   0,   0,   0,   1
    2942.561,   247,  Arrival,before,   1,   0,   0,   0,   1
    2942.561,   247,  Arrival, after,   3,   0,   0,   1,   1
    2948.481,   249,Finish(2),before,   2,   0,   0,   1,   1
    2948.481,   249,Finish(2), after,   2,   0,   0,   1,   0
    2964.934,   250,  Arrival,before,   1,   0,   0,   1,   0
    2964.934,   250,  Arrival, after,   2,   1,   0,   1,   0
    2966.453,   251,Finish(1),before,   1,   1,   0,   1,   0
    2966.453,   251,Finish(1), after,   3,   0,   0,   1,   1
    2971.323,   253,Finish(1),before,   2,   0,   0,   1,   1
    2971.323,   253,Finish(1), after,   2,   0,   1,   0,   1
    2988.080,   254,Finish(2),before,   1,   0,   1,   0,   1
    2988.080,   254,Finish(2), after,   2,   0,   0,   0,   1
    2998.496,   255,Finish(2),before,   1,   0,   0,   0,   1
    2998.496,   255,Finish(2), after,   1,   0,   0,   0,   0
    3002.817,   252,  Arrival,before,   0,   0,   0,   0,   0
    3002.817,   252,  Arrival, after,   2,   0,   0,   1,   0
    3010.967,   257,Finish(1),before,   1,   0,   0,   1,   0
    3010.967,   257,Finish(1), after,   2,   0,   0,   0,   1
    3025.824,   258,Finish(2),before,   1,   0,   0,   0,   1
    3025.824,   258,Finish(2), after,   1,   0,   0,   0,   0
    3050.317,   256,  Arrival,before,   0,   0,   0,   0,   0
    3050.317,   256,  Arrival, after,   2,   0,   0,   1,   0
    3073.687,   260,Finish(1),before,   1,   0,   0,   1,   0
    3073.687,   260,Finish(1), after,   2,   0,   0,   0,   1
    3089.799,   261,Finish(2),before,   1,   0,   0,   0,   1
    3089.799,   261,Finish(2), after,   1,   0,   0,   0,   0
    3095.907,   259,  Arrival,before,   0,   0,   0,   0,   0
    3095.907,   259,  Arrival, after,   2,   0,   0,   1,   0
    3132.605,   263,Finish(1),before,   1,   0,   0,   1,   0
    3132.605,   263,Finish(1), after,   2,   0,   0,   0,   1
    3152.195,   264,Finish(2),before,   1,   0,   0,   0,   1
    3152.195,   264,Finish(2), after,   1,   0,   0,   0,   0
    3152.901,   262,  Arrival,before,   0,   0,   0,   0,   0
    3152.901,   262,  Arrival, after,   2,   0,   0,   1,   0
    3171.840,   266,Finish(1),before,   1,   0,   0,   1,   0
    3171.840,   266,Finish(1), after,   2,   0,   0,   0,   1
    3187.632,   267,Finish(2),before,   1,   0,   0,   0,   1
    3187.632,   267,Finish(2), after,   1,   0,   0,   0,   0
    3200.862,   265,  Arrival,before,   0,   0,   0,   0,   0
    3200.862,   265,  Arrival, after,   2,   0,   0,   1,   0
    3201.354,   269,Finish(1),before,   1,   0,   0,   1,   0
    3201.354,   269,Finish(1), after,   2,   0,   0,   0,   1
    3217.477,   270,Finish(2),before,   1,   0,   0,   0,   1
    3217.477,   270,Finish(2), after,   1,   0,   0,   0,   0
    3239.602,   268,  Arrival,before,   0,   0,   0,   0,   0
    3239.602,   268,  Arrival, after,   2,   0,   0,   1,   0
    3256.504,   271,  Arrival,before,   1,   0,   0,   1,   0
    3256.504,   271,  Arrival, after,   2,   1,   0,   1,   0
    3272.792,   272,Finish(1),before,   1,   1,   0,   1,   0
    3272.792,   272,Finish(1), after,   3,   0,   0,   1,   1
    3275.829,   274,Finish(1),before,   2,   0,   0,   1,   1
    3275.829,   274,Finish(1), after,   2,   0,   1,   0,   1
    3285.429,   275,Finish(2),before,   1,   0,   1,   0,   1
    3285.429,   275,Finish(2), after,   2,   0,   0,   0,   1
    3303.322,   276,Finish(2),before,   1,   0,   0,   0,   1
    3303.322,   276,Finish(2), after,   1,   0,   0,   0,   0
    3312.603,   273,  Arrival,before,   0,   0,   0,   0,   0
    3312.603,   273,  Arrival, after,   2,   0,   0,   1,   0
    3327.681,   278,Finish(1),before,   1,   0,   0,   1,   0
    3327.681,   278,Finish(1), after,   2,   0,   0,   0,   1
    3337.101,   277,  Arrival,before,   1,   0,   0,   0,   1
    3337.101,   277,  Arrival, after,   3,   0,   0,   1,   1
    3342.330,   279,Finish(2),before,   2,   0,   0,   1,   1
    3342.330,   279,Finish(2), after,   2,   0,   0,   1,   0
    3353.309,   281,Finish(1),before,   1,   0,   0,   1,   0
    3353.309,   281,Finish(1), after,   2,   0,   0,   0,   1
    3372.398,   282,Finish(2),before,   1,   0,   0,   0,   1
    3372.398,   282,Finish(2), after,   1,   0,   0,   0,   0
    3385.832,   280,  Arrival,before,   0,   0,   0,   0,   0
    3385.832,   280,  Arrival, after,   2,   0,   0,   1,   0
    3386.953,   284,Finish(1),before,   1,   0,   0,   1,   0
    3386.953,   284,Finish(1), after,   2,   0,   0,   0,   1
    3404.264,   283,  Arrival,before,   1,   0,   0,   0,   1
    3404.264,   283,  Arrival, after,   3,   0,   0,   1,   1
    3410.718,   285,Finish(2),before,   2,   0,   0,   1,   1
    3410.718,   285,Finish(2), after,   2,   0,   0,   1,   0
    3416.210,   286,  Arrival,before,   1,   0,   0,   1,   0
    3416.210,   286,  Arrival, after,   2,   1,   0,   1,   0
    3430.664,   287,Finish(1),before,   1,   1,   0,   1,   0
    3430.664,   287,Finish(1), after,   3,   0,   0,   1,   1
    3432.176,   289,Finish(1),before,   2,   0,   0,   1,   1
    3432.176,   289,Finish(1), after,   2,   0,   1,   0,   1
    3447.151,   290,Finish(2),before,   1,   0,   1,   0,   1
    3447.151,   290,Finish(2), after,   2,   0,   0,   0,   1
    3461.312,   288,  Arrival,before,   1,   0,   0,   0,   1
    3461.312,   288,  Arrival, after,   3,   0,   0,   1,   1
    3463.253,   293,Finish(1),before,   2,   0,   0,   1,   1
    3463.253,   293,Finish(1), after,   2,   0,   1,   0,   1
    3463.471,   291,Finish(2),before,   1,   0,   1,   0,   1
    3463.471,   291,Finish(2), after,   2,   0,   0,   0,   1
    3477.350,   292,  Arrival,before,   1,   0,   0,   0,   1
    3477.350,   292,  Arrival, after,   3,   0,   0,   1,   1
    3479.805,   294,Finish(2),before,   2,   0,   0,   1,   1
    3479.805,   294,Finish(2), after,   2,   0,   0,   1,   0
    3480.994,   296,Finish(1),before,   1,   0,   0,   1,   0
    3480.994,   296,Finish(1), after,   2,   0,   0,   0,   1
    3496.667,   297,Finish(2),before,   1,   0,   0,   0,   1
    3496.667,   297,Finish(2), after,   1,   0,   0,   0,   0
    3524.205,   295,  Arrival,before,   0,   0,   0,   0,   0
    3524.205,   295,  Arrival, after,   2,   0,   0,   1,   0
    3531.576,   299,Finish(1),before,   1,   0,   0,   1,   0
    3531.576,   299,Finish(1), after,   2,   0,   0,   0,   1
    3549.357,   300,Finish(2),before,   1,   0,   0,   0,   1
    3549.357,   300,Finish(2), after,   1,   0,   0,   0,   0
    3567.229,   298,  Arrival,before,   0,   0,   0,   0,   0
    3567.229,   298,  Arrival, after,   2,   0,   0,   1,   0
    3573.065,   302,Finish(1),before,   1,   0,   0,   1,   0
    3573.065,   302,Finish(1), after,   2,   0,   0,   0,   1
    3592.940,   303,Finish(2),before,   1,   0,   0,   0,   1
    3592.940,   303,Finish(2), after,   1,   0,   0,   0,   0
    3597.075,   301,  Arrival,before,   0,   0,   0,   0,   0
    3597.075,   301,  Arrival, after,   2,   0,   0,   1,   0
    3603.694,   305,Finish(1),before,   1,   0,   0,   1,   0
    3603.694,   305,Finish(1), after,   2,   0,   0,   0,   1
    3625.022,   306,Finish(2),before,   1,   0,   0,   0,   1
    3625.022,   306,Finish(2), after,   1,   0,   0,   0,   0
    3638.708,   304,  Arrival,before,   0,   0,   0,   0,   0
    3638.708,   304,  Arrival, after,   2,   0,   0,   1,   0
    3662.017,   308,Finish(1),before,   1,   0,   0,   1,   0
    3662.017,   308,Finish(1), after,   2,   0,   0,   0,   1
    3671.104,   307,  Arrival,before,   1,   0,   0,   0,   1
    3671.104,   307,  Arrival, after,   3,   0,   0,   1,   1
    3679.278,   309,Finish(2),before,   2,   0,   0,   1,   1
    3679.278,   309,Finish(2), after,   2,   0,   0,   1,   0
    3688.825,   311,Finish(1),before,   1,   0,   0,   1,   0
    3688.825,   311,Finish(1), after,   2,   0,   0,   0,   1
    3704.297,   312,Finish(2),before,   1,   0,   0,   0,   1
    3704.297,   312,Finish(2), after,   1,   0,   0,   0,   0
    3721.915,   310,  Arrival,before,   0,   0,   0,   0,   0
    3721.915,   310,  Arrival, after,   2,   0,   0,   1,   0
    3727.965,   314,Finish(1),before,   1,   0,   0,   1,   0
    3727.965,   314,Finish(1), after,   2,   0,   0,   0,   1
    3738.176,   315,Finish(2),before,   1,   0,   0,   0,   1
    3738.176,   315,Finish(2), after,   1,   0,   0,   0,   0
    3759.109,   313,  Arrival,before,   0,   0,   0,   0,   0
    3759.109,   313,  Arrival, after,   2,   0,   0,   1,   0
    3774.751,   317,Finish(1),before,   1,   0,   0,   1,   0
    3774.751,   317,Finish(1), after,   2,   0,   0,   0,   1
    3792.185,   318,Finish(2),before,   1,   0,   0,   0,   1
    3792.185,   318,Finish(2), after,   1,   0,   0,   0,   0
    3793.285,   316,  Arrival,before,   0,   0,   0,   0,   0
    3793.285,   316,  Arrival, after,   2,   0,   0,   1,   0
    3794.166,   320,Finish(1),before,   1,   0,   0,   1,   0
    3794.166,   320,Finish(1), after,   2,   0,   0,   0,   1
    3812.696,   319,  Arrival,before,   1,   0,   0,   0,   1
    3812.696,   319,  Arrival, after,   3,   0,   0,   1,   1
    3815.171,   321,Finish(2),before,   2,   0,   0,   1,   1
    3815.171,   321,Finish(2), after,   2,   0,   0,   1,   0
    3820.940,   323,Finish(1),before,   1,   0,   0,   1,   0
    3820.940,   323,Finish(1), after,   2,   0,   0,   0,   1
    3837.138,   324,Finish(2),before,   1,   0,   0,   0,   1
    3837.138,   324,Finish(2), after,   1,   0,   0,   0,   0
    3863.045,   322,  Arrival,before,   0,   0,   0,   0,   0
    3863.045,   322,  Arrival, after,   2,   0,   0,   1,   0
    3864.857,   326,Finish(1),before,   1,   0,   0,   1,   0
    3864.857,   326,Finish(1), after,   2,   0,   0,   0,   1
    3882.208,   327,Finish(2),before,   1,   0,   0,   0,   1
    3882.208,   327,Finish(2), after,   1,   0,   0,   0,   0
    3910.237,   325,  Arrival,before,   0,   0,   0,   0,   0
    3910.237,   325,  Arrival, after,   2,   0,   0,   1,   0
    3930.155,   329,Finish(1),before,   1,   0,   0,   1,   0
    3930.155,   329,Finish(1), after,   2,   0,   0,   0,   1
    3943.354,   330,Finish(2),before,   1,   0,   0,   0,   1
    3943.354,   330,Finish(2), after,   1,   0,   0,   0,   0
    3964.909,   328,  Arrival,before,   0,   0,   0,   0,   0
    3964.909,   328,  Arrival, after,   2,   0,   0,   1,   0
    3966.008,   332,Finish(1),before,   1,   0,   0,   1,   0
    3966.008,   332,Finish(1), after,   2,   0,   0,   0,   1
    3981.301,   333,Finish(2),before,   1,   0,   0,   0,   1
    3981.301,   333,Finish(2), after,   1,   0,   0,   0,   0
    3990.249,   331,  Arrival,before,   0,   0,   0,   0,   0
    3990.249,   331,  Arrival, after,   2,   0,   0,   1,   0
    4002.124,   335,Finish(1),before,   1,   0,   0,   1,   0
    4002.124,   335,Finish(1), after,   2,   0,   0,   0,   1
    4020.525,   336,Finish(2),before,   1,   0,   0,   0,   1
    4020.525,   336,Finish(2), after,   1,   0,   0,   0,   0
    4041.868,   334,  Arrival,before,   0,   0,   0,   0,   0
    4041.868,   334,  Arrival, after,   2,   0,   0,   1,   0
    4046.646,   338,Finish(1),before,   1,   0,   0,   1,   0
    4046.646,   338,Finish(1), after,   2,   0,   0,   0,   1
    4066.434,   337,  Arrival,before,   1,   0,   0,   0,   1
    4066.434,   337,  Arrival, after,   3,   0,   0,   1,   1
    4069.874,   339,Finish(2),before,   2,   0,   0,   1,   1
    4069.874,   339,Finish(2), after,   2,   0,   0,   1,   0
    4077.565,   341,Finish(1),before,   1,   0,   0,   1,   0
    4077.565,   341,Finish(1), after,   2,   0,   0,   0,   1
    4095.246,   342,Finish(2),before,   1,   0,   0,   0,   1
    4095.246,   342,Finish(2), after,   1,   0,   0,   0,   0
    4105.477,   340,  Arrival,before,   0,   0,   0,   0,   0
    4105.477,   340,  Arrival, after,   2,   0,   0,   1,   0
    4117.042,   344,Finish(1),before,   1,   0,   0,   1,   0
    4117.042,   344,Finish(1), after,   2,   0,   0,   0,   1
    4129.496,   345,Finish(2),before,   1,   0,   0,   0,   1
    4129.496,   345,Finish(2), after,   1,   0,   0,   0,   0
    4143.622,   343,  Arrival,before,   0,   0,   0,   0,   0
    4143.622,   343,  Arrival, after,   2,   0,   0,   1,   0
    4144.924,   347,Finish(1),before,   1,   0,   0,   1,   0
    4144.924,   347,Finish(1), after,   2,   0,   0,   0,   1
    4154.828,   346,  Arrival,before,   1,   0,   0,   0,   1
    4154.828,   346,  Arrival, after,   3,   0,   0,   1,   1
    4163.560,   348,Finish(2),before,   2,   0,   0,   1,   1
    4163.560,   348,Finish(2), after,   2,   0,   0,   1,   0
    4164.109,   350,Finish(1),before,   1,   0,   0,   1,   0
    4164.109,   350,Finish(1), after,   2,   0,   0,   0,   1
    4178.652,   351,Finish(2),before,   1,   0,   0,   0,   1
    4178.652,   351,Finish(2), after,   1,   0,   0,   0,   0
    4207.121,   349,  Arrival,before,   0,   0,   0,   0,   0
    4207.121,   349,  Arrival, after,   2,   0,   0,   1,   0
    4224.469,   353,Finish(1),before,   1,   0,   0,   1,   0
    4224.469,   353,Finish(1), after,   2,   0,   0,   0,   1
    4233.019,   352,  Arrival,before,   1,   0,   0,   0,   1
    4233.019,   352,  Arrival, after,   3,   0,   0,   1,   1
    4233.629,   356,Finish(1),before,   2,   0,   0,   1,   1
    4233.629,   356,Finish(1), after,   2,   0,   1,   0,   1
    4238.171,   354,Finish(2),before,   1,   0,   1,   0,   1
    4238.171,   354,Finish(2), after,   2,   0,   0,   0,   1
    4255.657,   357,Finish(2),before,   1,   0,   0,   0,   1
    4255.657,   357,Finish(2), after,   1,   0,   0,   0,   0
    4282.014,   355,  Arrival,before,   0,   0,   0,   0,   0
    4282.014,   355,  Arrival, after,   2,   0,   0,   1,   0
    4283.642,   359,Finish(1),before,   1,   0,   0,   1,   0
    4283.642,   359,Finish(1), after,   2,   0,   0,   0,   1
    4303.691,   360,Finish(2),before,   1,   0,   0,   0,   1
    4303.691,   360,Finish(2), after,   1,   0,   0,   0,   0
    4317.090,   358,  Arrival,before,   0,   0,   0,   0,   0
    4317.090,   358,  Arrival, after,   2,   0,   0,   1,   0
    4321.438,   362,Finish(1),before,   1,   0,   0,   1,   0
    4321.438,   362,Finish(1), after,   2,   0,   0,   0,   1
    4342.675,   361,  Arrival,before,   1,   0,   0,   0,   1
    4342.675,   361,  Arrival, after,   3,   0,   0,   1,   1
    4343.084,   363,Finish(2),before,   2,   0,   0,   1,   1
    4343.084,   363,Finish(2), after,   2,   0,   0,   1,   0
    4343.887,   365,Finish(1),before,   1,   0,   0,   1,   0
    4343.887,   365,Finish(1), after,   2,   0,   0,   0,   1
    4359.340,   366,Finish(2),before,   1,   0,   0,   0,   1
    4359.340,   366,Finish(2), after,   1,   0,   0,   0,   0
    4387.780,   364,  Arrival,before,   0,   0,   0,   0,   0
    4387.780,   364,  Arrival, after,   2,   0,   0,   1,   0
    4405.323,   368,Finish(1),before,   1,   0,   0,   1,   0
    4405.323,   368,Finish(1), after,   2,   0,   0,   0,   1
    4421.820,   369,Finish(2),before,   1,   0,   0,   0,   1
    4421.820,   369,Finish(2), after,   1,   0,   0,   0,   0
    4442.485,   367,  Arrival,before,   0,   0,   0,   0,   0
    4442.485,   367,  Arrival, after,   2,   0,   0,   1,   0
    4457.424,   371,Finish(1),before,   1,   0,   0,   1,   0
    4457.424,   371,Finish(1), after,   2,   0,   0,   0,   1
    4459.196,   370,  Arrival,before,   1,   0,   0,   0,   1
    4459.196,   370,  Arrival, after,   3,   0,   0,   1,   1
    4464.623,   374,Finish(1),before,   2,   0,   0,   1,   1
    4464.623,   374,Finish(1), after,   2,   0,   1,   0,   1
    4472.975,   372,Finish(2),before,   1,   0,   1,   0,   1
    4472.975,   372,Finish(2), after,   2,   0,   0,   0,   1
    4492.612,   375,Finish(2),before,   1,   0,   0,   0,   1
    4492.612,   375,Finish(2), after,   1,   0,   0,   0,   0
    4502.730,   373,  Arrival,before,   0,   0,   0,   0,   0
    4502.730,   373,  Arrival, after,   2,   0,   0,   1,   0
    4510.804,   377,Finish(1),before,   1,   0,   0,   1,   0
    4510.804,   377,Finish(1), after,   2,   0,   0,   0,   1
    4518.865,   378,Finish(2),before,   1,   0,   0,   0,   1
    4518.865,   378,Finish(2), after,   1,   0,   0,   0,   0
    4522.595,   376,  Arrival,before,   0,   0,   0,   0,   0
    4522.595,   376,  Arrival, after,   2,   0,   0,   1,   0
    4533.857,   379,  Arrival,before,   1,   0,   0,   1,   0
    4533.857,   379,  Arrival, after,   2,   1,   0,   1,   0
    4550.058,   380,Finish(1),before,   1,   1,   0,   1,   0
    4550.058,   380,Finish(1), after,   3,   0,   0,   1,   1
    4551.929,   382,Finish(1),before,   2,   0,   0,   1,   1
    4551.929,   382,Finish(1), after,   2,   0,   1,   0,   1
    4572.399,   383,Finish(2),before,   1,   0,   1,   0,   1
    4572.399,   383,Finish(2), after,   2,   0,   0,   0,   1
    4573.036,   381,  Arrival,before,   1,   0,   0,   0,   1
    4573.036,   381,  Arrival, after,   3,   0,   0,   1,   1
    4587.706,   384,Finish(2),before,   2,   0,   0,   1,   1
    4587.706,   384,Finish(2), after,   2,   0,   0,   1,   0
    4594.610,   386,Finish(1),before,   1,   0,   0,   1,   0
    4594.610,   386,Finish(1), after,   2,   0,   0,   0,   1
    4611.671,   387,Finish(2),before,   1,   0,   0,   0,   1
    4611.671,   387,Finish(2), after,   1,   0,   0,   0,   0
    4618.231,   385,  Arrival,before,   0,   0,   0,   0,   0
    4618.231,   385,  Arrival, after,   2,   0,   0,   1,   0
    4628.893,   389,Finish(1),before,   1,   0,   0,   1,   0
    4628.893,   389,Finish(1), after,   2,   0,   0,   0,   1
    4636.500,   388,  Arrival,before,   1,   0,   0,   0,   1
    4636.500,   388,  Arrival, after,   3,   0,   0,   1,   1
    4644.206,   390,Finish(2),before,   2,   0,   0,   1,   1
    4644.206,   390,Finish(2), after,   2,   0,   0,   1,   0
    4648.976,   392,Finish(1),before,   1,   0,   0,   1,   0
    4648.976,   392,Finish(1), after,   2,   0,   0,   0,   1
    4664.435,   393,Finish(2),before,   1,   0,   0,   0,   1
    4664.435,   393,Finish(2), after,   1,   0,   0,   0,   0
    4667.870,   391,  Arrival,before,   0,   0,   0,   0,   0
    4667.870,   391,  Arrival, after,   2,   0,   0,   1,   0
    4674.339,   395,Finish(1),before,   1,   0,   0,   1,   0
    4674.339,   395,Finish(1), after,   2,   0,   0,   0,   1
    4688.415,   396,Finish(2),before,   1,   0,   0,   0,   1
    4688.415,   396,Finish(2), after,   1,   0,   0,   0,   0
    4702.482,   394,  Arrival,before,   0,   0,   0,   0,   0
    4702.482,   394,  Arrival, after,   2,   0,   0,   1,   0
    4711.208,   398,Finish(1),before,   1,   0,   0,   1,   0
    4711.208,   398,Finish(1), after,   2,   0,   0,   0,   1
    4713.733,   397,  Arrival,before,   1,   0,   0,   0,   1
    4713.733,   397,  Arrival, after,   3,   0,   0,   1,   1
    4715.148,   401,Finish(1),before,   2,   0,   0,   1,   1
    4715.148,   401,Finish(1), after,   2,   0,   1,   0,   1
    4725.186,   400,  Arrival,before,   1,   0,   1,   0,   1
    4725.186,   400,  Arrival, after,   3,   0,   1,   1,   1
    4726.031,   399,Finish(2),before,   2,   0,   1,   1,   1
    4726.031,   399,Finish(2), after,   3,   0,   0,   1,   1
    4727.787,   403,Finish(1),before,   2,   0,   0,   1,   1
    4727.787,   403,Finish(1), after,   2,   0,   1,   0,   1
    4744.308,   404,Finish(2),before,   1,   0,   1,   0,   1
    4744.308,   404,Finish(2), after,   2,   0,   0,   0,   1
    4761.911,   405,Finish(2),before,   1,   0,   0,   0,   1
    4761.911,   405,Finish(2), after,   1,   0,   0,   0,   0
    4783.315,   402,  Arrival,before,   0,   0,   0,   0,   0
    4783.315,   402,  Arrival, after,   2,   0,   0,   1,   0
    4786.665,   407,Finish(1),before,   1,   0,   0,   1,   0
    4786.665,   407,Finish(1), after,   2,   0,   0,   0,   1
    4802.963,   408,Finish(2),before,   1,   0,   0,   0,   1
    4802.963,   408,Finish(2), after,   1,   0,   0,   0,   0
    4812.809,   406,  Arrival,before,   0,   0,   0,   0,   0
    4812.809,   406,  Arrival, after,   2,   0,   0,   1,   0
    4818.413,   410,Finish(1),before,   1,   0,   0,   1,   0
    4818.413,   410,Finish(1), after,   2,   0,   0,   0,   1
    4836.197,   411,Finish(2),before,   1,   0,   0,   0,   1
    4836.197,   411,Finish(2), after,   1,   0,   0,   0,   0
    4856.211,   409,  Arrival,before,   0,   0,   0,   0,   0
    4856.211,   409,  Arrival, after,   2,   0,   0,   1,   0
    4856.271,   413,Finish(1),before,   1,   0,   0,   1,   0
    4856.271,   413,Finish(1), after,   2,   0,   0,   0,   1
    4866.477,   414,Finish(2),before,   1,   0,   0,   0,   1
    4866.477,   414,Finish(2), after,   1,   0,   0,   0,   0
    4897.563,   412,  Arrival,before,   0,   0,   0,   0,   0
    4897.563,   412,  Arrival, after,   2,   0,   0,   1,   0
    4900.503,   416,Finish(1),before,   1,   0,   0,   1,   0
    4900.503,   416,Finish(1), after,   2,   0,   0,   0,   1
    4916.366,   417,Finish(2),before,   1,   0,   0,   0,   1
    4916.366,   417,Finish(2), after,   1,   0,   0,   0,   0
    4954.237,   415,  Arrival,before,   0,   0,   0,   0,   0
    4954.237,   415,  Arrival, after,   2,   0,   0,   1,   0
    4962.574,   419,Finish(1),before,   1,   0,   0,   1,   0
    4962.574,   419,Finish(1), after,   2,   0,   0,   0,   1
    4977.354,   420,Finish(2),before,   1,   0,   0,   0,   1
    4977.354,   420,Finish(2), after,   1,   0,   0,   0,   0
    4988.789,   418,  Arrival,before,   0,   0,   0,   0,   0
    4988.789,   418,  Arrival, after,   2,   0,   0,   1,   0
    5005.418,   422,Finish(1),before,   1,   0,   0,   1,   0
    5005.418,   422,Finish(1), after,   2,   0,   0,   0,   1
    5017.864,   423,Finish(2),before,   1,   0,   0,   0,   1
    5017.864,   423,Finish(2), after,   1,   0,   0,   0,   0
    5027.802,   421,  Arrival,before,   0,   0,   0,   0,   0
    5027.802,   421,  Arrival, after,   2,   0,   0,   1,   0
    5061.219,   425,Finish(1),before,   1,   0,   0,   1,   0
    5061.219,   425,Finish(1), after,   2,   0,   0,   0,   1
    5079.182,   426,Finish(2),before,   1,   0,   0,   0,   1
    5079.182,   426,Finish(2), after,   1,   0,   0,   0,   0
    5083.068,   424,  Arrival,before,   0,   0,   0,   0,   0
    5083.068,   424,  Arrival, after,   2,   0,   0,   1,   0
    5084.515,   428,Finish(1),before,   1,   0,   0,   1,   0
    5084.515,   428,Finish(1), after,   2,   0,   0,   0,   1
    5099.725,   429,Finish(2),before,   1,   0,   0,   0,   1
    5099.725,   429,Finish(2), after,   1,   0,   0,   0,   0
    5105.755,   427,  Arrival,before,   0,   0,   0,   0,   0
    5105.755,   427,  Arrival, after,   2,   0,   0,   1,   0
    5123.218,   431,Finish(1),before,   1,   0,   0,   1,   0
    5123.218,   431,Finish(1), after,   2,   0,   0,   0,   1
    5145.402,   432,Finish(2),before,   1,   0,   0,   0,   1
    5145.402,   432,Finish(2), after,   1,   0,   0,   0,   0
    5157.416,   430,  Arrival,before,   0,   0,   0,   0,   0
    5157.416,   430,  Arrival, after,   2,   0,   0,   1,   0
    5168.304,   434,Finish(1),before,   1,   0,   0,   1,   0
    5168.304,   434,Finish(1), after,   2,   0,   0,   0,   1
    5168.919,   433,  Arrival,before,   1,   0,   0,   0,   1
    5168.919,   433,  Arrival, after,   3,   0,   0,   1,   1
    5182.222,   435,Finish(2),before,   2,   0,   0,   1,   1
    5182.222,   435,Finish(2), after,   2,   0,   0,   1,   0
    5194.729,   436,  Arrival,before,   1,   0,   0,   1,   0
    5194.729,   436,  Arrival, after,   2,   1,   0,   1,   0
    5200.196,   437,Finish(1),before,   1,   1,   0,   1,   0
    5200.196,   437,Finish(1), after,   3,   0,   0,   1,   1
    5204.252,   439,Finish(1),before,   2,   0,   0,   1,   1
    5204.252,   439,Finish(1), after,   2,   0,   1,   0,   1
    5214.503,   440,Finish(2),before,   1,   0,   1,   0,   1
    5214.503,   440,Finish(2), after,   2,   0,   0,   0,   1
    5219.043,   438,  Arrival,before,   1,   0,   0,   0,   1
    5219.043,   438,  Arrival, after,   3,   0,   0,   1,   1
    5230.082,   443,Finish(1),before,   2,   0,   0,   1,   1
    5230.082,   443,Finish(1), after,   2,   0,   1,   0,   1
    5232.714,   441,Finish(2),before,   1,   0,   1,   0,   1
    5232.714,   441,Finish(2), after,   2,   0,   0,   0,   1
    5249.056,   442,  Arrival,before,   1,   0,   0,   0,   1
    5249.056,   442,  Arrival, after,   3,   0,   0,   1,   1
    5250.397,   444,Finish(2),before,   2,   0,   0,   1,   1
    5250.397,   444,Finish(2), after,   2,   0,   0,   1,   0
    5257.336,   446,Finish(1),before,   1,   0,   0,   1,   0
    5257.336,   446,Finish(1), after,   2,   0,   0,   0,   1
    5263.589,   445,  Arrival,before,   1,   0,   0,   0,   1
    5263.589,   445,  Arrival, after,   3,   0,   0,   1,   1
    5265.908,   449,Finish(1),before,   2,   0,   0,   1,   1
    5265.908,   449,Finish(1), after,   2,   0,   1,   0,   1
    5279.475,   447,Finish(2),before,   1,   0,   1,   0,   1
    5279.475,   447,Finish(2), after,   2,   0,   0,   0,   1
    5279.672,   448,  Arrival,before,   1,   0,   0,   0,   1
    5279.672,   448,  Arrival, after,   3,   0,   0,   1,   1
    5288.183,   452,Finish(1),before,   2,   0,   0,   1,   1
    5288.183,   452,Finish(1), after,   2,   0,   1,   0,   1
    5289.308,   450,Finish(2),before,   1,   0,   1,   0,   1
    5289.308,   450,Finish(2), after,   2,   0,   0,   0,   1
    5309.349,   453,Finish(2),before,   1,   0,   0,   0,   1
    5309.349,   453,Finish(2), after,   1,   0,   0,   0,   0
    5338.115,   451,  Arrival,before,   0,   0,   0,   0,   0
    5338.115,   451,  Arrival, after,   2,   0,   0,   1,   0
    5339.855,   455,Finish(1),before,   1,   0,   0,   1,   0
    5339.855,   455,Finish(1), after,   2,   0,   0,   0,   1
    5355.714,   456,Finish(2),before,   1,   0,   0,   0,   1
    5355.714,   456,Finish(2), after,   1,   0,   0,   0,   0
    5387.046,   454,  Arrival,before,   0,   0,   0,   0,   0
    5387.046,   454,  Arrival, after,   2,   0,   0,   1,   0
    5390.870,   458,Finish(1),before,   1,   0,   0,   1,   0
    5390.870,   458,Finish(1), after,   2,   0,   0,   0,   1
    5404.497,   459,Finish(2),before,   1,   0,   0,   0,   1
    5404.497,   459,Finish(2), after,   1,   0,   0,   0,   0
    5421.173,   457,  Arrival,before,   0,   0,   0,   0,   0
    5421.173,   457,  Arrival, after,   2,   0,   0,   1,   0
    5423.473,   461,Finish(1),before,   1,   0,   0,   1,   0
    5423.473,   461,Finish(1), after,   2,   0,   0,   0,   1
    5437.899,   462,Finish(2),before,   1,   0,   0,   0,   1
    5437.899,   462,Finish(2), after,   1,   0,   0,   0,   0
    5465.804,   460,  Arrival,before,   0,   0,   0,   0,   0
    5465.804,   460,  Arrival, after,   2,   0,   0,   1,   0
    5480.177,   463,  Arrival,before,   1,   0,   0,   1,   0
    5480.177,   463,  Arrival, after,   2,   1,   0,   1,   0
    5503.150,   464,Finish(1),before,   1,   1,   0,   1,   0
    5503.150,   464,Finish(1), after,   3,   0,   0,   1,   1
    5506.140,   465,  Arrival,before,   2,   0,   0,   1,   1
    5506.140,   465,  Arrival, after,   3,   1,   0,   1,   1
    5519.013,   467,Finish(2),before,   2,   1,   0,   1,   1
    5519.013,   467,Finish(2), after,   2,   1,   0,   1,   0
    5525.706,   466,Finish(1),before,   1,   1,   0,   1,   0
    5525.706,   466,Finish(1), after,   3,   0,   0,   1,   1
    5532.027,   469,Finish(1),before,   2,   0,   0,   1,   1
    5532.027,   469,Finish(1), after,   2,   0,   1,   0,   1
    5541.921,   470,Finish(2),before,   1,   0,   1,   0,   1
    5541.921,   470,Finish(2), after,   2,   0,   0,   0,   1
    5553.242,   471,Finish(2),before,   1,   0,   0,   0,   1
    5553.242,   471,Finish(2), after,   1,   0,   0,   0,   0
    5554.664,   468,  Arrival,before,   0,   0,   0,   0,   0
    5554.664,   468,  Arrival, after,   2,   0,   0,   1,   0
    5557.990,   473,Finish(1),before,   1,   0,   0,   1,   0
    5557.990,   473,Finish(1), after,   2,   0,   0,   0,   1
    5573.694,   474,Finish(2),before,   1,   0,   0,   0,   1
    5573.694,   474,Finish(2), after,   1,   0,   0,   0,   0
    5599.509,   472,  Arrival,before,   0,   0,   0,   0,   0
    5599.509,   472,  Arrival, after,   2,   0,   0,   1,   0
    5603.592,   476,Finish(1),before,   1,   0,   0,   1,   0
    5603.592,   476,Finish(1), after,   2,   0,   0,   0,   1
    5622.219,   477,Finish(2),before,   1,   0,   0,   0,   1
    5622.219,   477,Finish(2), after,   1,   0,   0,   0,   0
    5647.177,   475,  Arrival,before,   0,   0,   0,   0,   0
    5647.177,   475,  Arrival, after,   2,   0,   0,   1,   0
    5651.604,   479,Finish(1),before,   1,   0,   0,   1,   0
    5651.604,   479,Finish(1), after,   2,   0,   0,   0,   1
    5665.971,   480,Finish(2),before,   1,   0,   0,   0,   1
    5665.971,   480,Finish(2), after,   1,   0,   0,   0,   0
    5670.015,   478,  Arrival,before,   0,   0,   0,   0,   0
    5670.015,   478,  Arrival, after,   2,   0,   0,   1,   0
    5677.307,   482,Finish(1),before,   1,   0,   0,   1,   0
    5677.307,   482,Finish(1), after,   2,   0,   0,   0,   1
    5683.739,   481,  Arrival,before,   1,   0,   0,   0,   1
    5683.739,   481,  Arrival, after,   3,   0,   0,   1,   1
    5684.228,   485,Finish(1),before,   2,   0,   0,   1,   1
    5684.228,   485,Finish(1), after,   2,   0,   1,   0,   1
    5687.185,   483,Finish(2),before,   1,   0,   1,   0,   1
    5687.185,   483,Finish(2), after,   2,   0,   0,   0,   1
    5697.972,   484,  Arrival,before,   1,   0,   0,   0,   1
    5697.972,   484,  Arrival, after,   3,   0,   0,   1,   1
    5704.615,   486,Finish(2),before,   2,   0,   0,   1,   1
    5704.615,   486,Finish(2), after,   2,   0,   0,   1,   0
    5708.215,   488,Finish(1),before,   1,   0,   0,   1,   0
    5708.215,   488,Finish(1), after,   2,   0,   0,   0,   1
    5717.272,   487,  Arrival,before,   1,   0,   0,   0,   1
    5717.272,   487,  Arrival, after,   3,   0,   0,   1,   1
    5718.132,   491,Finish(1),before,   2,   0,   0,   1,   1
    5718.132,   491,Finish(1), after,   2,   0,   1,   0,   1
    5724.799,   489,Finish(2),before,   1,   0,   1,   0,   1
    5724.799,   489,Finish(2), after,   2,   0,   0,   0,   1
    5732.531,   490,  Arrival,before,   1,   0,   0,   0,   1
    5732.531,   490,  Arrival, after,   3,   0,   0,   1,   1
    5734.020,   492,Finish(2),before,   2,   0,   0,   1,   1
    5734.020,   492,Finish(2), after,   2,   0,   0,   1,   0
    5737.761,   494,Finish(1),before,   1,   0,   0,   1,   0
    5737.761,   494,Finish(1), after,   2,   0,   0,   0,   1
    5752.068,   495,Finish(2),before,   1,   0,   0,   0,   1
    5752.068,   495,Finish(2), after,   1,   0,   0,   0,   0
    5759.831,   493,  Arrival,before,   0,   0,   0,   0,   0
    5759.831,   493,  Arrival, after,   2,   0,   0,   1,   0
    5769.442,   497,Finish(1),before,   1,   0,   0,   1,   0
    5769.442,   497,Finish(1), after,   2,   0,   0,   0,   1
    5771.290,   496,  Arrival,before,   1,   0,   0,   0,   1
    5771.290,   496,  Arrival, after,   3,   0,   0,   1,   1
    5781.886,   498,Finish(2),before,   2,   0,   0,   1,   1
    5781.886,   498,Finish(2), after,   2,   0,   0,   1,   0
    5789.011,   500,Finish(1),before,   1,   0,   0,   1,   0
    5789.011,   500,Finish(1), after,   2,   0,   0,   0,   1
    5796.156,   499,  Arrival,before,   1,   0,   0,   0,   1
    5796.156,   499,  Arrival, after,   3,   0,   0,   1,   1
    5800.977,   501,Finish(2),before,   2,   0,   0,   1,   1
    5800.977,   501,Finish(2), after,   2,   0,   0,   1,   0
    5810.697,   503,Finish(1),before,   1,   0,   0,   1,   0
    5810.697,   503,Finish(1), after,   2,   0,   0,   0,   1
    5825.154,   504,Finish(2),before,   1,   0,   0,   0,   1
    5825.154,   504,Finish(2), after,   1,   0,   0,   0,   0
    5848.481,   502,  Arrival,before,   0,   0,   0,   0,   0
    5848.481,   502,  Arrival, after,   2,   0,   0,   1,   0
    5850.070,   506,Finish(1),before,   1,   0,   0,   1,   0
    5850.070,   506,Finish(1), after,   2,   0,   0,   0,   1
    5867.335,   505,  Arrival,before,   1,   0,   0,   0,   1
    5867.335,   505,  Arrival, after,   3,   0,   0,   1,   1
    5867.602,   507,Finish(2),before,   2,   0,   0,   1,   1
    5867.602,   507,Finish(2), after,   2,   0,   0,   1,   0
    5871.165,   509,Finish(1),before,   1,   0,   0,   1,   0
    5871.165,   509,Finish(1), after,   2,   0,   0,   0,   1
    5878.672,   508,  Arrival,before,   1,   0,   0,   0,   1
    5878.672,   508,  Arrival, after,   3,   0,   0,   1,   1
    5892.279,   510,Finish(2),before,   2,   0,   0,   1,   1
    5892.279,   510,Finish(2), after,   2,   0,   0,   1,   0
    5892.620,   512,Finish(1),before,   1,   0,   0,   1,   0
    5892.620,   512,Finish(1), after,   2,   0,   0,   0,   1
    5909.089,   513,Finish(2),before,   1,   0,   0,   0,   1
    5909.089,   513,Finish(2), after,   1,   0,   0,   0,   0
    5912.104,   511,  Arrival,before,   0,   0,   0,   0,   0
    5912.104,   511,  Arrival, after,   2,   0,   0,   1,   0
    5912.456,   515,Finish(1),before,   1,   0,   0,   1,   0
    5912.456,   515,Finish(1), after,   2,   0,   0,   0,   1
    5926.951,   516,Finish(2),before,   1,   0,   0,   0,   1
    5926.951,   516,Finish(2), after,   1,   0,   0,   0,   0
    5935.193,   514,  Arrival,before,   0,   0,   0,   0,   0
    5935.193,   514,  Arrival, after,   2,   0,   0,   1,   0
    5965.715,   518,Finish(1),before,   1,   0,   0,   1,   0
    5965.715,   518,Finish(1), after,   2,   0,   0,   0,   1
    5966.515,   517,  Arrival,before,   1,   0,   0,   0,   1
    5966.515,   517,  Arrival, after,   3,   0,   0,   1,   1
    5978.858,   521,Finish(1),before,   2,   0,   0,   1,   1
    5978.858,   521,Finish(1), after,   2,   0,   1,   0,   1
    5981.162,   519,Finish(2),before,   1,   0,   1,   0,   1
    5981.162,   519,Finish(2), after,   2,   0,   0,   0,   1
    5985.968,   520,  Arrival,before,   1,   0,   0,   0,   1
    5985.968,   520,  Arrival, after,   3,   0,   0,   1,   1
    5995.555,   524,Finish(1),before,   2,   0,   0,   1,   1
    5995.555,   524,Finish(1), after,   2,   0,   1,   0,   1
    6001.124,   522,Finish(2),before,   1,   0,   1,   0,   1
    6001.124,   522,Finish(2), after,   2,   0,   0,   0,   1
    6014.043,   523,  Arrival,before,   1,   0,   0,   0,   1
    6014.043,   523,  Arrival, after,   3,   0,   0,   1,   1
    6015.540,   527,Finish(1),before,   2,   0,   0,   1,   1
    6015.540,   527,Finish(1), after,   2,   0,   1,   0,   1
    6017.270,   525,Finish(2),before,   1,   0,   1,   0,   1
    6017.270,   525,Finish(2), after,   2,   0,   0,   0,   1
    6027.756,   528,Finish(2),before,   1,   0,   0,   0,   1
    6027.756,   528,Finish(2), after,   1,   0,   0,   0,   0
    6069.971,   526,  Arrival,before,   0,   0,   0,   0,   0
    6069.971,   526,  Arrival, after,   2,   0,   0,   1,   0
    6082.595,   529,  Arrival,before,   1,   0,   0,   1,   0
    6082.595,   529,  Arrival, after,   2,   1,   0,   1,   0
    6086.275,   530,Finish(1),before,   1,   1,   0,   1,   0
    6086.275,   530,Finish(1), after,   3,   0,   0,   1,   1
    6086.495,   532,Finish(1),before,   2,   0,   0,   1,   1
    6086.495,   532,Finish(1), after,   2,   0,   1,   0,   1
    6102.638,   533,Finish(2),before,   1,   0,   1,   0,   1
    6102.638,   533,Finish(2), after,   2,   0,   0,   0,   1
    6117.963,   534,Finish(2),before,   1,   0,   0,   0,   1
    6117.963,   534,Finish(2), after,   1,   0,   0,   0,   0
    6119.078,   531,  Arrival,before,   0,   0,   0,   0,   0
    6119.078,   531,  Arrival, after,   2,   0,   0,   1,   0
    6137.971,   535,  Arrival,before,   1,   0,   0,   1,   0
    6137.971,   535,  Arrival, after,   2,   1,   0,   1,   0
    6162.007,   537,  Arrival,before,   1,   1,   0,   1,   0
    6162.007,   537,  Arrival, after,   2,   2,   0,   1,   0
    6191.340,   536,Finish(1),before,   1,   2,   0,   1,   0
    6191.340,   536,Finish(1), after,   3,   1,   0,   1,   1
    6193.466,   539,Finish(1),before,   2,   1,   0,   1,   1
    6193.466,   539,Finish(1), after,   3,   0,   1,   1,   1
    6199.956,   538,  Arrival,before,   2,   0,   1,   1,   1
    6199.956,   538,  Arrival, after,   3,   1,   1,   1,   1
    6207.666,   541,Finish(1),before,   2,   1,   1,   1,   1
    6207.666,   541,Finish(1), after,   3,   0,   2,   1,   1
    6211.281,   540,Finish(2),before,   2,   0,   2,   1,   1
    6211.281,   540,Finish(2), after,   3,   0,   1,   1,   1
    6222.807,   543,Finish(1),before,   2,   0,   1,   1,   1
    6222.807,   543,Finish(1), after,   2,   0,   2,   0,   1
    6226.645,   544,Finish(2),before,   1,   0,   2,   0,   1
    6226.645,   544,Finish(2), after,   2,   0,   1,   0,   1
    6245.245,   545,Finish(2),before,   1,   0,   1,   0,   1
    6245.245,   545,Finish(2), after,   2,   0,   0,   0,   1
    6253.013,   542,  Arrival,before,   1,   0,   0,   0,   1
    6253.013,   542,  Arrival, after,   3,   0,   0,   1,   1
    6262.278,   548,Finish(1),before,   2,   0,   0,   1,   1
    6262.278,   548,Finish(1), after,   2,   0,   1,   0,   1
    6266.118,   546,Finish(2),before,   1,   0,   1,   0,   1
    6266.118,   546,Finish(2), after,   2,   0,   0,   0,   1
    6280.486,   547,  Arrival,before,   1,   0,   0,   0,   1
    6280.486,   547,  Arrival, after,   3,   0,   0,   1,   1
    6286.626,   549,Finish(2),before,   2,   0,   0,   1,   1
    6286.626,   549,Finish(2), after,   2,   0,   0,   1,   0
    6295.763,   551,Finish(1),before,   1,   0,   0,   1,   0
    6295.763,   551,Finish(1), after,   2,   0,   0,   0,   1
    6306.500,   552,Finish(2),before,   1,   0,   0,   0,   1
    6306.500,   552,Finish(2), after,   1,   0,   0,   0,   0
    6327.675,   550,  Arrival,before,   0,   0,   0,   0,   0
    6327.675,   550,  Arrival, after,   2,   0,   0,   1,   0
    6339.353,   554,Finish(1),before,   1,   0,   0,   1,   0
    6339.353,   554,Finish(1), after,   2,   0,   0,   0,   1
    6346.620,   553,  Arrival,before,   1,   0,   0,   0,   1
    6346.620,   553,  Arrival, after,   3,   0,   0,   1,   1
    6355.670,   555,Finish(2),before,   2,   0,   0,   1,   1
    6355.670,   555,Finish(2), after,   2,   0,   0,   1,   0
    6363.723,   557,Finish(1),before,   1,   0,   0,   1,   0
    6363.723,   557,Finish(1), after,   2,   0,   0,   0,   1
    6367.614,   556,  Arrival,before,   1,   0,   0,   0,   1
    6367.614,   556,  Arrival, after,   3,   0,   0,   1,   1
    6372.135,   560,Finish(1),before,   2,   0,   0,   1,   1
    6372.135,   560,Finish(1), after,   2,   0,   1,   0,   1
    6378.469,   558,Finish(2),before,   1,   0,   1,   0,   1
    6378.469,   558,Finish(2), after,   2,   0,   0,   0,   1
    6396.831,   561,Finish(2),before,   1,   0,   0,   0,   1
    6396.831,   561,Finish(2), after,   1,   0,   0,   0,   0
    6413.449,   559,  Arrival,before,   0,   0,   0,   0,   0
    6413.449,   559,  Arrival, after,   2,   0,   0,   1,   0
    6414.442,   563,Finish(1),before,   1,   0,   0,   1,   0
    6414.442,   563,Finish(1), after,   2,   0,   0,   0,   1
    6428.775,   564,Finish(2),before,   1,   0,   0,   0,   1
    6428.775,   564,Finish(2), after,   1,   0,   0,   0,   0
    6470.239,   562,  Arrival,before,   0,   0,   0,   0,   0
    6470.239,   562,  Arrival, after,   2,   0,   0,   1,   0
    6486.808,   565,  Arrival,before,   1,   0,   0,   1,   0
    6486.808,   565,  Arrival, after,   2,   1,   0,   1,   0
    6510.937,   566,Finish(1),before,   1,   1,   0,   1,   0
    6510.937,   566,Finish(1), after,   3,   0,   0,   1,   1
    6512.126,   568,Finish(1),before,   2,   0,   0,   1,   1
    6512.126,   568,Finish(1), after,   2,   0,   1,   0,   1
    6522.908,   567,  Arrival,before,   1,   0,   1,   0,   1
    6522.908,   567,  Arrival, after,   3,   0,   1,   1,   1
    6527.193,   569,Finish(2),before,   2,   0,   1,   1,   1
    6527.193,   569,Finish(2), after,   3,   0,   0,   1,   1
    6527.927,   571,Finish(1),before,   2,   0,   0,   1,   1
    6527.927,   571,Finish(1), after,   2,   0,   1,   0,   1
    6548.764,   572,Finish(2),before,   1,   0,   1,   0,   1
    6548.764,   572,Finish(2), after,   2,   0,   0,   0,   1
    6557.446,   570,  Arrival,before,   1,   0,   0,   0,   1
    6557.446,   570,  Arrival, after,   3,   0,   0,   1,   1
    6559.806,   575,Finish(1),before,   2,   0,   0,   1,   1
    6559.806,   575,Finish(1), after,   2,   0,   1,   0,   1
    6571.902,   574,  Arrival,before,   1,   0,   1,   0,   1
    6571.902,   574,  Arrival, after,   3,   0,   1,   1,   1
    6572.534,   573,Finish(2),before,   2,   0,   1,   1,   1
    6572.534,   573,Finish(2), after,   3,   0,   0,   1,   1
    6572.832,   577,Finish(1),before,   2,   0,   0,   1,   1
    6572.832,   577,Finish(1), after,   2,   0,   1,   0,   1
    6585.252,   576,  Arrival,before,   1,   0,   1,   0,   1
    6585.252,   576,  Arrival, after,   3,   0,   1,   1,   1
    6585.427,   578,Finish(2),before,   2,   0,   1,   1,   1
    6585.427,   578,Finish(2), after,   3,   0,   0,   1,   1
    6585.698,   580,Finish(1),before,   2,   0,   0,   1,   1
    6585.698,   580,Finish(1), after,   2,   0,   1,   0,   1
    6605.124,   581,Finish(2),before,   1,   0,   1,   0,   1
    6605.124,   581,Finish(2), after,   2,   0,   0,   0,   1
    6616.412,   582,Finish(2),before,   1,   0,   0,   0,   1
    6616.412,   582,Finish(2), after,   1,   0,   0,   0,   0
    6635.186,   579,  Arrival,before,   0,   0,   0,   0,   0
    6635.186,   579,  Arrival, after,   2,   0,   0,   1,   0
    6638.286,   584,Finish(1),before,   1,   0,   0,   1,   0
    6638.286,   584,Finish(1), after,   2,   0,   0,   0,   1
    6651.482,   585,Finish(2),before,   1,   0,   0,   0,   1
    6651.482,   585,Finish(2), after,   1,   0,   0,   0,   0
    6666.503,   583,  Arrival,before,   0,   0,   0,   0,   0
    6666.503,   583,  Arrival, after,   2,   0,   0,   1,   0
    6667.365,   587,Finish(1),before,   1,   0,   0,   1,   0
    6667.365,   587,Finish(1), after,   2,   0,   0,   0,   1
    6680.848,   588,Finish(2),before,   1,   0,   0,   0,   1
    6680.848,   588,Finish(2), after,   1,   0,   0,   0,   0
    6706.392,   586,  Arrival,before,   0,   0,   0,   0,   0
    6706.392,   586,  Arrival, after,   2,   0,   0,   1,   0
    6710.222,   590,Finish(1),before,   1,   0,   0,   1,   0
    6710.222,   590,Finish(1), after,   2,   0,   0,   0,   1
    6725.771,   591,Finish(2),before,   1,   0,   0,   0,   1
    6725.771,   591,Finish(2), after,   1,   0,   0,   0,   0
    6726.212,   589,  Arrival,before,   0,   0,   0,   0,   0
    6726.212,   589,  Arrival, after,   2,   0,   0,   1,   0
    6734.712,   593,Finish(1),before,   1,   0,   0,   1,   0
    6734.712,   593,Finish(1), after,   2,   0,   0,   0,   1
    6747.883,   592,  Arrival,before,   1,   0,   0,   0,   1
    6747.883,   592,  Arrival, after,   3,   0,   0,   1,   1
    6752.834,   594,Finish(2),before,   2,   0,   0,   1,   1
    6752.834,   594,Finish(2), after,   2,   0,   0,   1,   0
    6753.964,   596,Finish(1),before,   1,   0,   0,   1,   0
    6753.964,   596,Finish(1), after,   2,   0,   0,   0,   1
    6772.454,   597,Finish(2),before,   1,   0,   0,   0,   1
    6772.454,   597,Finish(2), after,   1,   0,   0,   0,   0
    6772.621,   595,  Arrival,before,   0,   0,   0,   0,   0
    6772.621,   595,  Arrival, after,   2,   0,   0,   1,   0
    6778.788,   599,Finish(1),before,   1,   0,   0,   1,   0
    6778.788,   599,Finish(1), after,   2,   0,   0,   0,   1
    6788.923,   598,  Arrival,before,   1,   0,   0,   0,   1
    6788.923,   598,  Arrival, after,   3,   0,   0,   1,   1
    6792.639,   600,Finish(2),before,   2,   0,   0,   1,   1
    6792.639,   600,Finish(2), after,   2,   0,   0,   1,   0
    6797.940,   602,Finish(1),before,   1,   0,   0,   1,   0
    6797.940,   602,Finish(1), after,   2,   0,   0,   0,   1
    6815.097,   603,Finish(2),before,   1,   0,   0,   0,   1
    6815.097,   603,Finish(2), after,   1,   0,   0,   0,   0
    6817.865,   601,  Arrival,before,   0,   0,   0,   0,   0
    6817.865,   601,  Arrival, after,   2,   0,   0,   1,   0
    6836.544,   604,  Arrival,before,   1,   0,   0,   1,   0
    6836.544,   604,  Arrival, after,   2,   1,   0,   1,   0
    6840.005,   605,Finish(1),before,   1,   1,   0,   1,   0
    6840.005,   605,Finish(1), after,   3,   0,   0,   1,   1
    6845.767,   607,Finish(1),before,   2,   0,   0,   1,   1
    6845.767,   607,Finish(1), after,   2,   0,   1,   0,   1
    6857.663,   608,Finish(2),before,   1,   0,   1,   0,   1
    6857.663,   608,Finish(2), after,   2,   0,   0,   0,   1
    6871.715,   609,Finish(2),before,   1,   0,   0,   0,   1
    6871.715,   609,Finish(2), after,   1,   0,   0,   0,   0
    6887.970,   606,  Arrival,before,   0,   0,   0,   0,   0
    6887.970,   606,  Arrival, after,   2,   0,   0,   1,   0
    6894.623,   611,Finish(1),before,   1,   0,   0,   1,   0
    6894.623,   611,Finish(1), after,   2,   0,   0,   0,   1
    6912.786,   612,Finish(2),before,   1,   0,   0,   0,   1
    6912.786,   612,Finish(2), after,   1,   0,   0,   0,   0
    6916.560,   610,  Arrival,before,   0,   0,   0,   0,   0
    6916.560,   610,  Arrival, after,   2,   0,   0,   1,   0
    6923.850,   614,Finish(1),before,   1,   0,   0,   1,   0
    6923.850,   614,Finish(1), after,   2,   0,   0,   0,   1
    6928.319,   613,  Arrival,before,   1,   0,   0,   0,   1
    6928.319,   613,  Arrival, after,   3,   0,   0,   1,   1
    6928.699,   617,Finish(1),before,   2,   0,   0,   1,   1
    6928.699,   617,Finish(1), after,   2,   0,   1,   0,   1
    6939.630,   616,  Arrival,before,   1,   0,   1,   0,   1
    6939.630,   616,  Arrival, after,   3,   0,   1,   1,   1
    6942.810,   615,Finish(2),before,   2,   0,   1,   1,   1
    6942.810,   615,Finish(2), after,   3,   0,   0,   1,   1
    6942.913,   619,Finish(1),before,   2,   0,   0,   1,   1
    6942.913,   619,Finish(1), after,   2,   0,   1,   0,   1
    6958.711,   618,  Arrival,before,   1,   0,   1,   0,   1
    6958.711,   618,  Arrival, after,   3,   0,   1,   1,   1
    6959.532,   620,Finish(2),before,   2,   0,   1,   1,   1
    6959.532,   620,Finish(2), after,   3,   0,   0,   1,   1
    6974.889,   622,Finish(1),before,   2,   0,   0,   1,   1
    6974.889,   622,Finish(1), after,   2,   0,   1,   0,   1
    6975.619,   623,Finish(2),before,   1,   0,   1,   0,   1
    6975.619,   623,Finish(2), after,   2,   0,   0,   0,   1
    6993.398,   624,Finish(2),before,   1,   0,   0,   0,   1
    6993.398,   624,Finish(2), after,   1,   0,   0,   0,   0
    7007.013,   621,  Arrival,before,   0,   0,   0,   0,   0
    7007.013,   621,  Arrival, after,   2,   0,   0,   1,   0
    7009.851,   626,Finish(1),before,   1,   0,   0,   1,   0
    7009.851,   626,Finish(1), after,   2,   0,   0,   0,   1
    7026.445,   627,Finish(2),before,   1,   0,   0,   0,   1
    7026.445,   627,Finish(2), after,   1,   0,   0,   0,   0
    7060.724,   625,  Arrival,before,   0,   0,   0,   0,   0
    7060.724,   625,  Arrival, after,   2,   0,   0,   1,   0
    7065.517,   629,Finish(1),before,   1,   0,   0,   1,   0
    7065.517,   629,Finish(1), after,   2,   0,   0,   0,   1
    7072.166,   628,  Arrival,before,   1,   0,   0,   0,   1
    7072.166,   628,  Arrival, after,   3,   0,   0,   1,   1
    7077.308,   632,Finish(1),before,   2,   0,   0,   1,   1
    7077.308,   632,Finish(1), after,   2,   0,   1,   0,   1
    7081.170,   630,Finish(2),before,   1,   0,   1,   0,   1
    7081.170,   630,Finish(2), after,   2,   0,   0,   0,   1
    7099.296,   633,Finish(2),before,   1,   0,   0,   0,   1
    7099.296,   633,Finish(2), after,   1,   0,   0,   0,   0
    7108.348,   631,  Arrival,before,   0,   0,   0,   0,   0
    7108.348,   631,  Arrival, after,   2,   0,   0,   1,   0
    7122.854,   635,Finish(1),before,   1,   0,   0,   1,   0
    7122.854,   635,Finish(1), after,   2,   0,   0,   0,   1
    7135.570,   636,Finish(2),before,   1,   0,   0,   0,   1
    7135.570,   636,Finish(2), after,   1,   0,   0,   0,   0
    7137.840,   634,  Arrival,before,   0,   0,   0,   0,   0
    7137.840,   634,  Arrival, after,   2,   0,   0,   1,   0
    7143.839,   638,Finish(1),before,   1,   0,   0,   1,   0
    7143.839,   638,Finish(1), after,   2,   0,   0,   0,   1
    7158.389,   639,Finish(2),before,   1,   0,   0,   0,   1
    7158.389,   639,Finish(2), after,   1,   0,   0,   0,   0
    7173.986,   637,  Arrival,before,   0,   0,   0,   0,   0
    7173.986,   637,  Arrival, after,   2,   0,   0,   1,   0
    7174.440,   641,Finish(1),before,   1,   0,   0,   1,   0
    7174.440,   641,Finish(1), after,   2,   0,   0,   0,   1
    7193.670,   642,Finish(2),before,   1,   0,   0,   0,   1
    7193.670,   642,Finish(2), after,   1,   0,   0,   0,   0
    7231.515,   640,  Arrival,before,   0,   0,   0,   0,   0
    7231.515,   640,  Arrival, after,   2,   0,   0,   1,   0
    7233.775,   644,Finish(1),before,   1,   0,   0,   1,   0
    7233.775,   644,Finish(1), after,   2,   0,   0,   0,   1
    7245.680,   643,  Arrival,before,   1,   0,   0,   0,   1
    7245.680,   643,  Arrival, after,   3,   0,   0,   1,   1
    7253.347,   645,Finish(2),before,   2,   0,   0,   1,   1
    7253.347,   645,Finish(2), after,   2,   0,   0,   1,   0
    7255.551,   647,Finish(1),before,   1,   0,   0,   1,   0
    7255.551,   647,Finish(1), after,   2,   0,   0,   0,   1
    7260.420,   646,  Arrival,before,   1,   0,   0,   0,   1
    7260.420,   646,  Arrival, after,   3,   0,   0,   1,   1
    7271.428,   648,Finish(2),before,   2,   0,   0,   1,   1
    7271.428,   648,Finish(2), after,   2,   0,   0,   1,   0
    7279.789,   650,Finish(1),before,   1,   0,   0,   1,   0
    7279.789,   650,Finish(1), after,   2,   0,   0,   0,   1
    7294.100,   651,Finish(2),before,   1,   0,   0,   0,   1
    7294.100,   651,Finish(2), after,   1,   0,   0,   0,   0
    7303.969,   649,  Arrival,before,   0,   0,   0,   0,   0
    7303.969,   649,  Arrival, after,   2,   0,   0,   1,   0
    7320.262,   653,Finish(1),before,   1,   0,   0,   1,   0
    7320.262,   653,Finish(1), after,   2,   0,   0,   0,   1
    7336.078,   654,Finish(2),before,   1,   0,   0,   0,   1
    7336.078,   654,Finish(2), after,   1,   0,   0,   0,   0
    7338.937,   652,  Arrival,before,   0,   0,   0,   0,   0
    7338.937,   652,  Arrival, after,   2,   0,   0,   1,   0
    7342.692,   656,Finish(1),before,   1,   0,   0,   1,   0
    7342.692,   656,Finish(1), after,   2,   0,   0,   0,   1
    7356.464,   655,  Arrival,before,   1,   0,   0,   0,   1
    7356.464,   655,  Arrival, after,   3,   0,   0,   1,   1
    7359.362,   659,Finish(1),before,   2,   0,   0,   1,   1
    7359.362,   659,Finish(1), after,   2,   0,   1,   0,   1
    7362.762,   657,Finish(2),before,   1,   0,   1,   0,   1
    7362.762,   657,Finish(2), after,   2,   0,   0,   0,   1
    7375.818,   660,Finish(2),before,   1,   0,   0,   0,   1
    7375.818,   660,Finish(2), after,   1,   0,   0,   0,   0
    7391.636,   658,  Arrival,before,   0,   0,   0,   0,   0
    7391.636,   658,  Arrival, after,   2,   0,   0,   1,   0
    7398.562,   662,Finish(1),before,   1,   0,   0,   1,   0
    7398.562,   662,Finish(1), after,   2,   0,   0,   0,   1
    7416.567,   663,Finish(2),before,   1,   0,   0,   0,   1
    7416.567,   663,Finish(2), after,   1,   0,   0,   0,   0
    7424.802,   661,  Arrival,before,   0,   0,   0,   0,   0
    7424.802,   661,  Arrival, after,   2,   0,   0,   1,   0
    7436.155,   665,Finish(1),before,   1,   0,   0,   1,   0
    7436.155,   665,Finish(1), after,   2,   0,   0,   0,   1
    7453.975,   666,Finish(2),before,   1,   0,   0,   0,   1
    7453.975,   666,Finish(2), after,   1,   0,   0,   0,   0
    7456.258,   664,  Arrival,before,   0,   0,   0,   0,   0
    7456.258,   664,  Arrival, after,   2,   0,   0,   1,   0
    7463.758,   668,Finish(1),before,   1,   0,   0,   1,   0
    7463.758,   668,Finish(1), after,   2,   0,   0,   0,   1
    7473.978,   667,  Arrival,before,   1,   0,   0,   0,   1
    7473.978,   667,  Arrival, after,   3,   0,   0,   1,   1
    7483.059,   669,Finish(2),before,   2,   0,   0,   1,   1
    7483.059,   669,Finish(2), after,   2,   0,   0,   1,   0
    7507.666,   671,Finish(1),before,   1,   0,   0,   1,   0
    7507.666,   671,Finish(1), after,   2,   0,   0,   0,   1
    7522.382,   672,Finish(2),before,   1,   0,   0,   0,   1
    7522.382,   672,Finish(2), after,   1,   0,   0,   0,   0
    7531.953,   670,  Arrival,before,   0,   0,   0,   0,   0
    7531.953,   670,  Arrival, after,   2,   0,   0,   1,   0
    7539.019,   674,Finish(1),before,   1,   0,   0,   1,   0
    7539.019,   674,Finish(1), after,   2,   0,   0,   0,   1
    7552.784,   675,Finish(2),before,   1,   0,   0,   0,   1
    7552.784,   675,Finish(2), after,   1,   0,   0,   0,   0
    7580.690,   673,  Arrival,before,   0,   0,   0,   0,   0
    7580.690,   673,  Arrival, after,   2,   0,   0,   1,   0
    7589.243,   677,Finish(1),before,   1,   0,   0,   1,   0
    7589.243,   677,Finish(1), after,   2,   0,   0,   0,   1
    7600.560,   678,Finish(2),before,   1,   0,   0,   0,   1
    7600.560,   678,Finish(2), after,   1,   0,   0,   0,   0
    7613.889,   676,  Arrival,before,   0,   0,   0,   0,   0
    7613.889,   676,  Arrival, after,   2,   0,   0,   1,   0
    7627.415,   680,Finish(1),before,   1,   0,   0,   1,   0
    7627.415,   680,Finish(1), after,   2,   0,   0,   0,   1
    7648.914,   681,Finish(2),before,   1,   0,   0,   0,   1
    7648.914,   681,Finish(2), after,   1,   0,   0,   0,   0
    7662.492,   679,  Arrival,before,   0,   0,   0,   0,   0
    7662.492,   679,  Arrival, after,   2,   0,   0,   1,   0
    7670.686,   683,Finish(1),before,   1,   0,   0,   1,   0
    7670.686,   683,Finish(1), after,   2,   0,   0,   0,   1
    7685.831,   684,Finish(2),before,   1,   0,   0,   0,   1
    7685.831,   684,Finish(2), after,   1,   0,   0,   0,   0
    7716.981,   682,  Arrival,before,   0,   0,   0,   0,   0
    7716.981,   682,  Arrival, after,   2,   0,   0,   1,   0
    7717.066,   686,Finish(1),before,   1,   0,   0,   1,   0
    7717.066,   686,Finish(1), after,   2,   0,   0,   0,   1
    7731.450,   687,Finish(2),before,   1,   0,   0,   0,   1
    7731.450,   687,Finish(2), after,   1,   0,   0,   0,   0
    7736.806,   685,  Arrival,before,   0,   0,   0,   0,   0
    7736.806,   685,  Arrival, after,   2,   0,   0,   1,   0
    7743.612,   689,Finish(1),before,   1,   0,   0,   1,   0
    7743.612,   689,Finish(1), after,   2,   0,   0,   0,   1
    7759.103,   690,Finish(2),before,   1,   0,   0,   0,   1
    7759.103,   690,Finish(2), after,   1,   0,   0,   0,   0
    7771.313,   688,  Arrival,before,   0,   0,   0,   0,   0
    7771.313,   688,  Arrival, after,   2,   0,   0,   1,   0
    7779.592,   692,Finish(1),before,   1,   0,   0,   1,   0
    7779.592,   692,Finish(1), after,   2,   0,   0,   0,   1
    7797.721,   693,Finish(2),before,   1,   0,   0,   0,   1
    7797.721,   693,Finish(2), after,   1,   0,   0,   0,   0
    7815.385,   691,  Arrival,before,   0,   0,   0,   0,   0
    7815.385,   691,  Arrival, after,   2,   0,   0,   1,   0
    7821.796,   695,Finish(1),before,   1,   0,   0,   1,   0
    7821.796,   695,Finish(1), after,   2,   0,   0,   0,   1
    7839.579,   696,Finish(2),before,   1,   0,   0,   0,   1
    7839.579,   696,Finish(2), after,   1,   0,   0,   0,   0
    7852.867,   694,  Arrival,before,   0,   0,   0,   0,   0
    7852.867,   694,  Arrival, after,   2,   0,   0,   1,   0
    7861.623,   698,Finish(1),before,   1,   0,   0,   1,   0
    7861.623,   698,Finish(1), after,   2,   0,   0,   0,   1
    7869.329,   697,  Arrival,before,   1,   0,   0,   0,   1
    7869.329,   697,  Arrival, after,   3,   0,   0,   1,   1
    7876.910,   701,Finish(1),before,   2,   0,   0,   1,   1
    7876.910,   701,Finish(1), after,   2,   0,   1,   0,   1
    7879.478,   699,Finish(2),before,   1,   0,   1,   0,   1
    7879.478,   699,Finish(2), after,   2,   0,   0,   0,   1
    7895.117,   702,Finish(2),before,   1,   0,   0,   0,   1
    7895.117,   702,Finish(2), after,   1,   0,   0,   0,   0
    7920.748,   700,  Arrival,before,   0,   0,   0,   0,   0
    7920.748,   700,  Arrival, after,   2,   0,   0,   1,   0
    7922.252,   704,Finish(1),before,   1,   0,   0,   1,   0
    7922.252,   704,Finish(1), after,   2,   0,   0,   0,   1
    7940.002,   705,Finish(2),before,   1,   0,   0,   0,   1
    7940.002,   705,Finish(2), after,   1,   0,   0,   0,   0
    7944.179,   703,  Arrival,before,   0,   0,   0,   0,   0
    7944.179,   703,  Arrival, after,   2,   0,   0,   1,   0
    7973.768,   706,  Arrival,before,   1,   0,   0,   1,   0
    7973.768,   706,  Arrival, after,   2,   1,   0,   1,   0
    7976.191,   707,Finish(1),before,   1,   1,   0,   1,   0
    7976.191,   707,Finish(1), after,   3,   0,   0,   1,   1
    7981.129,   709,Finish(1),before,   2,   0,   0,   1,   1
    7981.129,   709,Finish(1), after,   2,   0,   1,   0,   1
    7990.329,   710,Finish(2),before,   1,   0,   1,   0,   1
    7990.329,   710,Finish(2), after,   2,   0,   0,   0,   1
    7997.481,   708,  Arrival,before,   1,   0,   0,   0,   1
    7997.481,   708,  Arrival, after,   3,   0,   0,   1,   1
    8007.227,   711,Finish(2),before,   2,   0,   0,   1,   1
    8007.227,   711,Finish(2), after,   2,   0,   0,   1,   0
    8027.547,   713,Finish(1),before,   1,   0,   0,   1,   0
    8027.547,   713,Finish(1), after,   2,   0,   0,   0,   1
    8039.761,   714,Finish(2),before,   1,   0,   0,   0,   1
    8039.761,   714,Finish(2), after,   1,   0,   0,   0,   0
    8046.932,   712,  Arrival,before,   0,   0,   0,   0,   0
    8046.932,   712,  Arrival, after,   2,   0,   0,   1,   0
    8059.600,   716,Finish(1),before,   1,   0,   0,   1,   0
    8059.600,   716,Finish(1), after,   2,   0,   0,   0,   1
    8079.737,   717,Finish(2),before,   1,   0,   0,   0,   1
    8079.737,   717,Finish(2), after,   1,   0,   0,   0,   0
    8089.000,   715,  Arrival,before,   0,   0,   0,   0,   0
    8089.000,   715,  Arrival, after,   2,   0,   0,   1,   0
    8091.954,   719,Finish(1),before,   1,   0,   0,   1,   0
    8091.954,   719,Finish(1), after,   2,   0,   0,   0,   1
    8105.447,   720,Finish(2),before,   1,   0,   0,   0,   1
    8105.447,   720,Finish(2), after,   1,   0,   0,   0,   0
    8138.280,   718,  Arrival,before,   0,   0,   0,   0,   0
    8138.280,   718,  Arrival, after,   2,   0,   0,   1,   0
    8155.773,   722,Finish(1),before,   1,   0,   0,   1,   0
    8155.773,   722,Finish(1), after,   2,   0,   0,   0,   1
    8173.242,   723,Finish(2),before,   1,   0,   0,   0,   1
    8173.242,   723,Finish(2), after,   1,   0,   0,   0,   0
    8185.617,   721,  Arrival,before,   0,   0,   0,   0,   0
    8185.617,   721,  Arrival, after,   2,   0,   0,   1,   0
    8188.351,   725,Finish(1),before,   1,   0,   0,   1,   0
    8188.351,   725,Finish(1), after,   2,   0,   0,   0,   1
    8201.918,   726,Finish(2),before,   1,   0,   0,   0,   1
    8201.918,   726,Finish(2), after,   1,   0,   0,   0,   0
    8217.632,   724,  Arrival,before,   0,   0,   0,   0,   0
    8217.632,   724,  Arrival, after,   2,   0,   0,   1,   0
    8220.742,   728,Finish(1),before,   1,   0,   0,   1,   0
    8220.742,   728,Finish(1), after,   2,   0,   0,   0,   1
    8233.264,   729,Finish(2),before,   1,   0,   0,   0,   1
    8233.264,   729,Finish(2), after,   1,   0,   0,   0,   0
    8254.368,   727,  Arrival,before,   0,   0,   0,   0,   0
    8254.368,   727,  Arrival, after,   2,   0,   0,   1,   0
    8256.249,   731,Finish(1),before,   1,   0,   0,   1,   0
    8256.249,   731,Finish(1), after,   2,   0,   0,   0,   1
    8269.228,   732,Finish(2),before,   1,   0,   0,   0,   1
    8269.228,   732,Finish(2), after,   1,   0,   0,   0,   0
    8301.585,   730,  Arrival,before,   0,   0,   0,   0,   0
    8301.585,   730,  Arrival, after,   2,   0,   0,   1,   0
    8347.395,   734,Finish(1),before,   1,   0,   0,   1,   0
    8347.395,   734,Finish(1), after,   2,   0,   0,   0,   1
    8351.806,   733,  Arrival,before,   1,   0,   0,   0,   1
    8351.806,   733,  Arrival, after,   3,   0,   0,   1,   1
    8363.182,   735,Finish(2),before,   2,   0,   0,   1,   1
    8363.182,   735,Finish(2), after,   2,   0,   0,   1,   0
    8376.831,   737,Finish(1),before,   1,   0,   0,   1,   0
    8376.831,   737,Finish(1), after,   2,   0,   0,   0,   1
    8391.588,   736,  Arrival,before,   1,   0,   0,   0,   1
    8391.588,   736,  Arrival, after,   3,   0,   0,   1,   1
    8392.103,   738,Finish(2),before,   2,   0,   0,   1,   1
    8392.103,   738,Finish(2), after,   2,   0,   0,   1,   0
    8393.387,   740,Finish(1),before,   1,   0,   0,   1,   0
    8393.387,   740,Finish(1), after,   2,   0,   0,   0,   1
    8407.503,   741,Finish(2),before,   1,   0,   0,   0,   1
    8407.503,   741,Finish(2), after,   1,   0,   0,   0,   0
    8408.014,   739,  Arrival,before,   0,   0,   0,   0,   0
    8408.014,   739,  Arrival, after,   2,   0,   0,   1,   0
    8436.075,   742,  Arrival,before,   1,   0,   0,   1,   0
    8436.075,   742,  Arrival, after,   2,   1,   0,   1,   0
    8452.574,   743,Finish(1),before,   1,   1,   0,   1,   0
    8452.574,   743,Finish(1), after,   3,   0,   0,   1,   1
    8452.606,   745,Finish(1),before,   2,   0,   0,   1,   1
    8452.606,   745,Finish(1), after,   2,   0,   1,   0,   1
    8466.455,   746,Finish(2),before,   1,   0,   1,   0,   1
    8466.455,   746,Finish(2), after,   2,   0,   0,   0,   1
    8469.209,   744,  Arrival,before,   1,   0,   0,   0,   1
    8469.209,   744,  Arrival, after,   3,   0,   0,   1,   1
    8474.014,   749,Finish(1),before,   2,   0,   0,   1,   1
    8474.014,   749,Finish(1), after,   2,   0,   1,   0,   1
    8483.609,   747,Finish(2),before,   1,   0,   1,   0,   1
    8483.609,   747,Finish(2), after,   2,   0,   0,   0,   1
    8495.753,   750,Finish(2),before,   1,   0,   0,   0,   1
    8495.753,   750,Finish(2), after,   1,   0,   0,   0,   0
    8502.856,   748,  Arrival,before,   0,   0,   0,   0,   0
    8502.856,   748,  Arrival, after,   2,   0,   0,   1,   0
    8524.865,   752,Finish(1),before,   1,   0,   0,   1,   0
    8524.865,   752,Finish(1), after,   2,   0,   0,   0,   1
    8538.714,   753,Finish(2),before,   1,   0,   0,   0,   1
    8538.714,   753,Finish(2), after,   1,   0,   0,   0,   0
    8553.936,   751,  Arrival,before,   0,   0,   0,   0,   0
    8553.936,   751,  Arrival, after,   2,   0,   0,   1,   0
    8556.128,   755,Finish(1),before,   1,   0,   0,   1,   0
    8556.128,   755,Finish(1), after,   2,   0,   0,   0,   1
    8572.679,   756,Finish(2),before,   1,   0,   0,   0,   1
    8572.679,   756,Finish(2), after,   1,   0,   0,   0,   0
    8603.197,   754,  Arrival,before,   0,   0,   0,   0,   0
    8603.197,   754,  Arrival, after,   2,   0,   0,   1,   0
    8615.235,   758,Finish(1),before,   1,   0,   0,   1,   0
    8615.235,   758,Finish(1), after,   2,   0,   0,   0,   1
    8627.671,   757,  Arrival,before,   1,   0,   0,   0,   1
    8627.671,   757,  Arrival, after,   3,   0,   0,   1,   1
    8633.647,   759,Finish(2),before,   2,   0,   0,   1,   1
    8633.647,   759,Finish(2), after,   2,   0,   0,   1,   0
    8634.330,   761,Finish(1),before,   1,   0,   0,   1,   0
    8634.330,   761,Finish(1), after,   2,   0,   0,   0,   1
    8648.774,   762,Finish(2),before,   1,   0,   0,   0,   1
    8648.774,   762,Finish(2), after,   1,   0,   0,   0,   0
    8662.351,   760,  Arrival,before,   0,   0,   0,   0,   0
    8662.351,   760,  Arrival, after,   2,   0,   0,   1,   0
    8663.282,   764,Finish(1),before,   1,   0,   0,   1,   0
    8663.282,   764,Finish(1), after,   2,   0,   0,   0,   1
    8686.632,   765,Finish(2),before,   1,   0,   0,   0,   1
    8686.632,   765,Finish(2), after,   1,   0,   0,   0,   0
    8702.048,   763,  Arrival,before,   0,   0,   0,   0,   0
    8702.048,   763,  Arrival, after,   2,   0,   0,   1,   0
    8709.805,   767,Finish(1),before,   1,   0,   0,   1,   0
    8709.805,   767,Finish(1), after,   2,   0,   0,   0,   1
    8723.123,   768,Finish(2),before,   1,   0,   0,   0,   1
    8723.123,   768,Finish(2), after,   1,   0,   0,   0,   0
    8735.784,   766,  Arrival,before,   0,   0,   0,   0,   0
    8735.784,   766,  Arrival, after,   2,   0,   0,   1,   0
    8741.626,   770,Finish(1),before,   1,   0,   0,   1,   0
    8741.626,   770,Finish(1), after,   2,   0,   0,   0,   1
    8750.407,   769,  Arrival,before,   1,   0,   0,   0,   1
    8750.407,   769,  Arrival, after,   3,   0,   0,   1,   1
    8752.720,   773,Finish(1),before,   2,   0,   0,   1,   1
    8752.720,   773,Finish(1), after,   2,   0,   1,   0,   1
    8760.359,   771,Finish(2),before,   1,   0,   1,   0,   1
    8760.359,   771,Finish(2), after,   2,   0,   0,   0,   1
    8780.068,   774,Finish(2),before,   1,   0,   0,   0,   1
    8780.068,   774,Finish(2), after,   1,   0,   0,   0,   0
    8786.610,   772,  Arrival,before,   0,   0,   0,   0,   0
    8786.610,   772,  Arrival, after,   2,   0,   0,   1,   0
    8793.801,   776,Finish(1),before,   1,   0,   0,   1,   0
    8793.801,   776,Finish(1), after,   2,   0,   0,   0,   1
    8811.489,   777,Finish(2),before,   1,   0,   0,   0,   1
    8811.489,   777,Finish(2), after,   1,   0,   0,   0,   0
    8837.899,   775,  Arrival,before,   0,   0,   0,   0,   0
    8837.899,   775,  Arrival, after,   2,   0,   0,   1,   0
    8853.245,   779,Finish(1),before,   1,   0,   0,   1,   0
    8853.245,   779,Finish(1), after,   2,   0,   0,   0,   1
    8871.568,   780,Finish(2),before,   1,   0,   0,   0,   1
    8871.568,   780,Finish(2), after,   1,   0,   0,   0,   0
    8883.027,   778,  Arrival,before,   0,   0,   0,   0,   0
    8883.027,   778,  Arrival, after,   2,   0,   0,   1,   0
    8883.245,   782,Finish(1),before,   1,   0,   0,   1,   0
    8883.245,   782,Finish(1), after,   2,   0,   0,   0,   1
    8895.405,   781,  Arrival,before,   1,   0,   0,   0,   1
    8895.405,   781,  Arrival, after,   3,   0,   0,   1,   1
    8902.139,   785,Finish(1),before,   2,   0,   0,   1,   1
    8902.139,   785,Finish(1), after,   2,   0,   1,   0,   1
    8902.787,   783,Finish(2),before,   1,   0,   1,   0,   1
    8902.787,   783,Finish(2), after,   2,   0,   0,   0,   1
    8915.343,   784,  Arrival,before,   1,   0,   0,   0,   1
    8915.343,   784,  Arrival, after,   3,   0,   0,   1,   1
    8915.554,   788,Finish(1),before,   2,   0,   0,   1,   1
    8915.554,   788,Finish(1), after,   2,   0,   1,   0,   1
    8920.917,   786,Finish(2),before,   1,   0,   1,   0,   1
    8920.917,   786,Finish(2), after,   2,   0,   0,   0,   1
    8935.804,   787,  Arrival,before,   1,   0,   0,   0,   1
    8935.804,   787,  Arrival, after,   3,   0,   0,   1,   1
    8939.824,   789,Finish(2),before,   2,   0,   0,   1,   1
    8939.824,   789,Finish(2), after,   2,   0,   0,   1,   0
    8953.045,   791,Finish(1),before,   1,   0,   0,   1,   0
    8953.045,   791,Finish(1), after,   2,   0,   0,   0,   1
    8964.907,   792,Finish(2),before,   1,   0,   0,   0,   1
    8964.907,   792,Finish(2), after,   1,   0,   0,   0,   0
    8971.387,   790,  Arrival,before,   0,   0,   0,   0,   0
    8971.387,   790,  Arrival, after,   2,   0,   0,   1,   0
    8989.179,   794,Finish(1),before,   1,   0,   0,   1,   0
    8989.179,   794,Finish(1), after,   2,   0,   0,   0,   1
    9002.610,   795,Finish(2),before,   1,   0,   0,   0,   1
    9002.610,   795,Finish(2), after,   1,   0,   0,   0,   0
    9012.743,   793,  Arrival,before,   0,   0,   0,   0,   0
    9012.743,   793,  Arrival, after,   2,   0,   0,   1,   0
    9016.518,   797,Finish(1),before,   1,   0,   0,   1,   0
    9016.518,   797,Finish(1), after,   2,   0,   0,   0,   1
    9033.182,   798,Finish(2),before,   1,   0,   0,   0,   1
    9033.182,   798,Finish(2), after,   1,   0,   0,   0,   0
    9039.597,   796,  Arrival,before,   0,   0,   0,   0,   0
    9039.597,   796,  Arrival, after,   2,   0,   0,   1,   0
    9041.862,   800,Finish(1),before,   1,   0,   0,   1,   0
    9041.862,   800,Finish(1), after,   2,   0,   0,   0,   1
    9053.752,   799,  Arrival,before,   1,   0,   0,   0,   1
    9053.752,   799,  Arrival, after,   3,   0,   0,   1,   1
    9055.186,   803,Finish(1),before,   2,   0,   0,   1,   1
    9055.186,   803,Finish(1), after,   2,   0,   1,   0,   1
    9055.817,   801,Finish(2),before,   1,   0,   1,   0,   1
    9055.817,   801,Finish(2), after,   2,   0,   0,   0,   1
    9068.711,   804,Finish(2),before,   1,   0,   0,   0,   1
    9068.711,   804,Finish(2), after,   1,   0,   0,   0,   0
    9104.513,   802,  Arrival,before,   0,   0,   0,   0,   0
    9104.513,   802,  Arrival, after,   2,   0,   0,   1,   0
    9105.739,   806,Finish(1),before,   1,   0,   0,   1,   0
    9105.739,   806,Finish(1), after,   2,   0,   0,   0,   1
    9121.309,   807,Finish(2),before,   1,   0,   0,   0,   1
    9121.309,   807,Finish(2), after,   1,   0,   0,   0,   0
    9155.662,   805,  Arrival,before,   0,   0,   0,   0,   0
    9155.662,   805,  Arrival, after,   2,   0,   0,   1,   0
    9163.617,   809,Finish(1),before,   1,   0,   0,   1,   0
    9163.617,   809,Finish(1), after,   2,   0,   0,   0,   1
    9176.368,   810,Finish(2),before,   1,   0,   0,   0,   1
    9176.368,   810,Finish(2), after,   1,   0,   0,   0,   0
    9196.697,   808,  Arrival,before,   0,   0,   0,   0,   0
    9196.697,   808,  Arrival, after,   2,   0,   0,   1,   0
    9198.323,   812,Finish(1),before,   1,   0,   0,   1,   0
    9198.323,   812,Finish(1), after,   2,   0,   0,   0,   1
    9211.384,   813,Finish(2),before,   1,   0,   0,   0,   1
    9211.384,   813,Finish(2), after,   1,   0,   0,   0,   0
    9244.005,   811,  Arrival,before,   0,   0,   0,   0,   0
    9244.005,   811,  Arrival, after,   2,   0,   0,   1,   0
    9267.020,   814,  Arrival,before,   1,   0,   0,   1,   0
    9267.020,   814,  Arrival, after,   2,   1,   0,   1,   0
    9275.334,   815,Finish(1),before,   1,   1,   0,   1,   0
    9275.334,   815,Finish(1), after,   3,   0,   0,   1,   1
    9283.812,   817,Finish(1),before,   2,   0,   0,   1,   1
    9283.812,   817,Finish(1), after,   2,   0,   1,   0,   1
    9294.485,   818,Finish(2),before,   1,   0,   1,   0,   1
    9294.485,   818,Finish(2), after,   2,   0,   0,   0,   1
    9300.473,   816,  Arrival,before,   1,   0,   0,   0,   1
    9300.473,   816,  Arrival, after,   3,   0,   0,   1,   1
    9300.793,   821,Finish(1),before,   2,   0,   0,   1,   1
    9300.793,   821,Finish(1), after,   2,   0,   1,   0,   1
    9308.436,   819,Finish(2),before,   1,   0,   1,   0,   1
    9308.436,   819,Finish(2), after,   2,   0,   0,   0,   1
    9320.702,   822,Finish(2),before,   1,   0,   0,   0,   1
    9320.702,   822,Finish(2), after,   1,   0,   0,   0,   0
    9357.447,   820,  Arrival,before,   0,   0,   0,   0,   0
    9357.447,   820,  Arrival, after,   2,   0,   0,   1,   0
    9359.215,   824,Finish(1),before,   1,   0,   0,   1,   0
    9359.215,   824,Finish(1), after,   2,   0,   0,   0,   1
    9370.601,   825,Finish(2),before,   1,   0,   0,   0,   1
    9370.601,   825,Finish(2), after,   1,   0,   0,   0,   0
    9403.211,   823,  Arrival,before,   0,   0,   0,   0,   0
    9403.211,   823,  Arrival, after,   2,   0,   0,   1,   0
    9414.862,   827,Finish(1),before,   1,   0,   0,   1,   0
    9414.862,   827,Finish(1), after,   2,   0,   0,   0,   1
    9434.981,   826,  Arrival,before,   1,   0,   0,   0,   1
    9434.981,   826,  Arrival, after,   3,   0,   0,   1,   1
    9436.632,   830,Finish(1),before,   2,   0,   0,   1,   1
    9436.632,   830,Finish(1), after,   2,   0,   1,   0,   1
    9436.889,   828,Finish(2),before,   1,   0,   1,   0,   1
    9436.889,   828,Finish(2), after,   2,   0,   0,   0,   1
    9448.607,   831,Finish(2),before,   1,   0,   0,   0,   1
    9448.607,   831,Finish(2), after,   1,   0,   0,   0,   0
    9450.696,   829,  Arrival,before,   0,   0,   0,   0,   0
    9450.696,   829,  Arrival, after,   2,   0,   0,   1,   0
    9477.289,   833,Finish(1),before,   1,   0,   0,   1,   0
    9477.289,   833,Finish(1), after,   2,   0,   0,   0,   1
    9486.138,   832,  Arrival,before,   1,   0,   0,   0,   1
    9486.138,   832,  Arrival, after,   3,   0,   0,   1,   1
    9495.049,   834,Finish(2),before,   2,   0,   0,   1,   1
    9495.049,   834,Finish(2), after,   2,   0,   0,   1,   0
    9514.477,   836,Finish(1),before,   1,   0,   0,   1,   0
    9514.477,   836,Finish(1), after,   2,   0,   0,   0,   1
    9532.270,   837,Finish(2),before,   1,   0,   0,   0,   1
    9532.270,   837,Finish(2), after,   1,   0,   0,   0,   0
    9535.558,   835,  Arrival,before,   0,   0,   0,   0,   0
    9535.558,   835,  Arrival, after,   2,   0,   0,   1,   0
    9582.442,   838,  Arrival,before,   1,   0,   0,   1,   0
    9582.442,   838,  Arrival, after,   2,   1,   0,   1,   0
    9582.673,   839,Finish(1),before,   1,   1,   0,   1,   0
    9582.673,   839,Finish(1), after,   3,   0,   0,   1,   1
    9592.284,   841,Finish(1),before,   2,   0,   0,   1,   1
    9592.284,   841,Finish(1), after,   2,   0,   1,   0,   1
    9600.146,   842,Finish(2),before,   1,   0,   1,   0,   1
    9600.146,   842,Finish(2), after,   2,   0,   0,   0,   1
    9607.818,   840,  Arrival,before,   1,   0,   0,   0,   1
    9607.818,   840,  Arrival, after,   3,   0,   0,   1,   1
    9609.476,   845,Finish(1),before,   2,   0,   0,   1,   1
    9609.476,   845,Finish(1), after,   2,   0,   1,   0,   1
    9618.619,   843,Finish(2),before,   1,   0,   1,   0,   1
    9618.619,   843,Finish(2), after,   2,   0,   0,   0,   1
    9626.975,   844,  Arrival,before,   1,   0,   0,   0,   1
    9626.975,   844,  Arrival, after,   3,   0,   0,   1,   1
    9629.609,   848,Finish(1),before,   2,   0,   0,   1,   1
    9629.609,   848,Finish(1), after,   2,   0,   1,   0,   1
    9630.889,   846,Finish(2),before,   1,   0,   1,   0,   1
    9630.889,   846,Finish(2), after,   2,   0,   0,   0,   1
    9638.891,   847,  Arrival,before,   1,   0,   0,   0,   1
    9638.891,   847,  Arrival, after,   3,   0,   0,   1,   1
    9643.870,   851,Finish(1),before,   2,   0,   0,   1,   1
    9643.870,   851,Finish(1), after,   2,   0,   1,   0,   1
    9648.345,   849,Finish(2),before,   1,   0,   1,   0,   1
    9648.345,   849,Finish(2), after,   2,   0,   0,   0,   1
    9665.675,   852,Finish(2),before,   1,   0,   0,   0,   1
    9665.675,   852,Finish(2), after,   1,   0,   0,   0,   0
    9675.841,   850,  Arrival,before,   0,   0,   0,   0,   0
    9675.841,   850,  Arrival, after,   2,   0,   0,   1,   0
    9706.877,   854,Finish(1),before,   1,   0,   0,   1,   0
    9706.877,   854,Finish(1), after,   2,   0,   0,   0,   1
    9719.562,   853,  Arrival,before,   1,   0,   0,   0,   1
    9719.562,   853,  Arrival, after,   3,   0,   0,   1,   1
    9719.642,   857,Finish(1),before,   2,   0,   0,   1,   1
    9719.642,   857,Finish(1), after,   2,   0,   1,   0,   1
    9720.934,   855,Finish(2),before,   1,   0,   1,   0,   1
    9720.934,   855,Finish(2), after,   2,   0,   0,   0,   1
    9738.787,   858,Finish(2),before,   1,   0,   0,   0,   1
    9738.787,   858,Finish(2), after,   1,   0,   0,   0,   0
    9754.144,   856,  Arrival,before,   0,   0,   0,   0,   0
    9754.144,   856,  Arrival, after,   2,   0,   0,   1,   0
    9768.042,   860,Finish(1),before,   1,   0,   0,   1,   0
    9768.042,   860,Finish(1), after,   2,   0,   0,   0,   1
    9786.052,   861,Finish(2),before,   1,   0,   0,   0,   1
    9786.052,   861,Finish(2), after,   1,   0,   0,   0,   0
    9786.904,   859,  Arrival,before,   0,   0,   0,   0,   0
    9786.904,   859,  Arrival, after,   2,   0,   0,   1,   0
    9796.330,   863,Finish(1),before,   1,   0,   0,   1,   0
    9796.330,   863,Finish(1), after,   2,   0,   0,   0,   1
    9812.339,   864,Finish(2),before,   1,   0,   0,   0,   1
    9812.339,   864,Finish(2), after,   1,   0,   0,   0,   0
    9824.791,   862,  Arrival,before,   0,   0,   0,   0,   0
    9824.791,   862,  Arrival, after,   2,   0,   0,   1,   0
    9840.212,   866,Finish(1),before,   1,   0,   0,   1,   0
    9840.212,   866,Finish(1), after,   2,   0,   0,   0,   1
    9852.805,   865,  Arrival,before,   1,   0,   0,   0,   1
    9852.805,   865,  Arrival, after,   3,   0,   0,   1,   1
    9855.209,   867,Finish(2),before,   2,   0,   0,   1,   1
    9855.209,   867,Finish(2), after,   2,   0,   0,   1,   0
    9855.250,   869,Finish(1),before,   1,   0,   0,   1,   0
    9855.250,   869,Finish(1), after,   2,   0,   0,   0,   1
    9870.578,   870,Finish(2),before,   1,   0,   0,   0,   1
    9870.578,   870,Finish(2), after,   1,   0,   0,   0,   0
    9872.952,   868,  Arrival,before,   0,   0,   0,   0,   0
    9872.952,   868,  Arrival, after,   2,   0,   0,   1,   0
    9874.268,   872,Finish(1),before,   1,   0,   0,   1,   0
    9874.268,   872,Finish(1), after,   2,   0,   0,   0,   1
    9891.848,   873,Finish(2),before,   1,   0,   0,   0,   1
    9891.848,   873,Finish(2), after,   1,   0,   0,   0,   0
    9904.748,   871,  Arrival,before,   0,   0,   0,   0,   0
    9904.748,   871,  Arrival, after,   2,   0,   0,   1,   0
    9916.371,   875,Finish(1),before,   1,   0,   0,   1,   0
    9916.371,   875,Finish(1), after,   2,   0,   0,   0,   1
    9935.862,   876,Finish(2),before,   1,   0,   0,   0,   1
    9935.862,   876,Finish(2), after,   1,   0,   0,   0,   0
    9946.587,   874,  Arrival,before,   0,   0,   0,   0,   0
    9946.587,   874,  Arrival, after,   2,   0,   0,   1,   0
    9950.551,   878,Finish(1),before,   1,   0,   0,   1,   0
    9950.551,   878,Finish(1), after,   2,   0,   0,   0,   1
    9966.103,   879,Finish(2),before,   1,   0,   0,   0,   1
    9966.103,   879,Finish(2), after,   1,   0,   0,   0,   0
    9971.205,   877,  Arrival,before,   0,   0,   0,   0,   0
    9971.205,   877,  Arrival, after,   2,   0,   0,   1,   0
    9972.927,   881,Finish(1),before,   1,   0,   0,   1,   0
    9972.927,   881,Finish(1), after,   2,   0,   0,   0,   1
    9989.660,   882,Finish(2),before,   1,   0,   0,   0,   1
    9989.660,   882,Finish(2), after,   1,   0,   0,   0,   0
   10019.776,   880,  Arrival,before,   0,   0,   0,   0,   0
   10019.776,   880,  Arrival, after,   2,   0,   0,   1,   0
   10032.736,   883,  Arrival,before,   1,   0,   0,   1,   0
   10032.736,   883,  Arrival, after,   2,   1,   0,   1,   0
   10040.286,   884,Finish(1),before,   1,   1,   0,   1,   0
   10040.286,   884,Finish(1), after,   3,   0,   0,   1,   1
   10043.321,   886,Finish(1),before,   2,   0,   0,   1,   1
   10043.321,   886,Finish(1), after,   2,   0,   1,   0,   1
   10054.595,   885,  Arrival,before,   1,   0,   1,   0,   1
   10054.595,   885,  Arrival, after,   3,   0,   1,   1,   1
   10059.238,   887,Finish(2),before,   2,   0,   1,   1,   1
   10059.238,   887,Finish(2), after,   3,   0,   0,   1,   1
   10078.863,   890,Finish(2),before,   2,   0,   0,   1,   1
   10078.863,   890,Finish(2), after,   2,   0,   0,   1,   0
   10080.179,   889,Finish(1),before,   1,   0,   0,   1,   0
   10080.179,   889,Finish(1), after,   2,   0,   0,   0,   1
   10093.523,   891,Finish(2),before,   1,   0,   0,   0,   1
   10093.523,   891,Finish(2), after,   1,   0,   0,   0,   0
   10102.428,   888,  Arrival,before,   0,   0,   0,   0,   0
   10102.428,   888,  Arrival, after,   2,   0,   0,   1,   0
   10118.363,   893,Finish(1),before,   1,   0,   0,   1,   0
   10118.363,   893,Finish(1), after,   2,   0,   0,   0,   1
   10131.762,   894,Finish(2),before,   1,   0,   0,   0,   1
   10131.762,   894,Finish(2), after,   1,   0,   0,   0,   0
   10134.098,   892,  Arrival,before,   0,   0,   0,   0,   0
   10134.098,   892,  Arrival, after,   2,   0,   0,   1,   0
   10147.339,   896,Finish(1),before,   1,   0,   0,   1,   0
   10147.339,   896,Finish(1), after,   2,   0,   0,   0,   1
   10161.423,   897,Finish(2),before,   1,   0,   0,   0,   1
   10161.423,   897,Finish(2), after,   1,   0,   0,   0,   0
   10178.475,   895,  Arrival,before,   0,   0,   0,   0,   0
   10178.475,   895,  Arrival, after,   2,   0,   0,   1,   0
   10187.290,   899,Finish(1),before,   1,   0,   0,   1,   0
   10187.290,   899,Finish(1), after,   2,   0,   0,   0,   1
   10201.497,   900,Finish(2),before,   1,   0,   0,   0,   1
   10201.497,   900,Finish(2), after,   1,   0,   0,   0,   0
   10227.907,   898,  Arrival,before,   0,   0,   0,   0,   0
   10227.907,   898,  Arrival, after,   2,   0,   0,   1,   0
   10228.019,   902,Finish(1),before,   1,   0,   0,   1,   0
   10228.019,   902,Finish(1), after,   2,   0,   0,   0,   1
   10243.074,   903,Finish(2),before,   1,   0,   0,   0,   1
   10243.074,   903,Finish(2), after,   1,   0,   0,   0,   0
   10278.981,   901,  Arrival,before,   0,   0,   0,   0,   0
   10278.981,   901,  Arrival, after,   2,   0,   0,   1,   0
   10287.441,   905,Finish(1),before,   1,   0,   0,   1,   0
   10287.441,   905,Finish(1), after,   2,   0,   0,   0,   1
   10307.415,   906,Finish(2),before,   1,   0,   0,   0,   1
   10307.415,   906,Finish(2), after,   1,   0,   0,   0,   0
   10330.595,   904,  Arrival,before,   0,   0,   0,   0,   0
   10330.595,   904,  Arrival, after,   2,   0,   0,   1,   0
   10348.076,   908,Finish(1),before,   1,   0,   0,   1,   0
   10348.076,   908,Finish(1), after,   2,   0,   0,   0,   1
   10359.809,   907,  Arrival,before,   1,   0,   0,   0,   1
   10359.809,   907,  Arrival, after,   3,   0,   0,   1,   1
   10364.186,   909,Finish(2),before,   2,   0,   0,   1,   1
   10364.186,   909,Finish(2), after,   2,   0,   0,   1,   0
   10365.199,   911,Finish(1),before,   1,   0,   0,   1,   0
   10365.199,   911,Finish(1), after,   2,   0,   0,   0,   1
   10378.084,   912,Finish(2),before,   1,   0,   0,   0,   1
   10378.084,   912,Finish(2), after,   1,   0,   0,   0,   0
   10397.310,   910,  Arrival,before,   0,   0,   0,   0,   0
   10397.310,   910,  Arrival, after,   2,   0,   0,   1,   0
   10402.304,   914,Finish(1),before,   1,   0,   0,   1,   0
   10402.304,   914,Finish(1), after,   2,   0,   0,   0,   1
   10415.559,   915,Finish(2),before,   1,   0,   0,   0,   1
   10415.559,   915,Finish(2), after,   1,   0,   0,   0,   0
   10441.038,   913,  Arrival,before,   0,   0,   0,   0,   0
   10441.038,   913,  Arrival, after,   2,   0,   0,   1,   0
   10443.827,   917,Finish(1),before,   1,   0,   0,   1,   0
   10443.827,   917,Finish(1), after,   2,   0,   0,   0,   1
   10457.326,   918,Finish(2),before,   1,   0,   0,   0,   1
   10457.326,   918,Finish(2), after,   1,   0,   0,   0,   0
   10463.148,   916,  Arrival,before,   0,   0,   0,   0,   0
   10463.148,   916,  Arrival, after,   2,   0,   0,   1,   0
   10469.832,   920,Finish(1),before,   1,   0,   0,   1,   0
   10469.832,   920,Finish(1), after,   2,   0,   0,   0,   1
   10486.435,   921,Finish(2),before,   1,   0,   0,   0,   1
   10486.435,   921,Finish(2), after,   1,   0,   0,   0,   0
   10514.502,   919,  Arrival,before,   0,   0,   0,   0,   0
   10514.502,   919,  Arrival, after,   2,   0,   0,   1,   0
   10514.821,   923,Finish(1),before,   1,   0,   0,   1,   0
   10514.821,   923,Finish(1), after,   2,   0,   0,   0,   1
   10532.687,   924,Finish(2),before,   1,   0,   0,   0,   1
   10532.687,   924,Finish(2), after,   1,   0,   0,   0,   0
   10537.156,   922,  Arrival,before,   0,   0,   0,   0,   0
   10537.156,   922,  Arrival, after,   2,   0,   0,   1,   0
   10541.043,   926,Finish(1),before,   1,   0,   0,   1,   0
   10541.043,   926,Finish(1), after,   2,   0,   0,   0,   1
   10554.269,   927,Finish(2),before,   1,   0,   0,   0,   1
   10554.269,   927,Finish(2), after,   1,   0,   0,   0,   0
   10564.851,   925,  Arrival,before,   0,   0,   0,   0,   0
   10564.851,   925,  Arrival, after,   2,   0,   0,   1,   0
   10581.861,   929,Finish(1),before,   1,   0,   0,   1,   0
   10581.861,   929,Finish(1), after,   2,   0,   0,   0,   1
   10599.210,   930,Finish(2),before,   1,   0,   0,   0,   1
   10599.210,   930,Finish(2), after,   1,   0,   0,   0,   0
   10623.602,   928,  Arrival,before,   0,   0,   0,   0,   0
   10623.602,   928,  Arrival, after,   2,   0,   0,   1,   0
   10624.431,   932,Finish(1),before,   1,   0,   0,   1,   0
   10624.431,   932,Finish(1), after,   2,   0,   0,   0,   1
   10635.925,   931,  Arrival,before,   1,   0,   0,   0,   1
   10635.925,   931,  Arrival, after,   3,   0,   0,   1,   1
   10639.042,   933,Finish(2),before,   2,   0,   0,   1,   1
   10639.042,   933,Finish(2), after,   2,   0,   0,   1,   0
   10652.598,   935,Finish(1),before,   1,   0,   0,   1,   0
   10652.598,   935,Finish(1), after,   2,   0,   0,   0,   1
   10669.284,   936,Finish(2),before,   1,   0,   0,   0,   1
   10669.284,   936,Finish(2), after,   1,   0,   0,   0,   0
   10673.222,   934,  Arrival,before,   0,   0,   0,   0,   0
   10673.222,   934,  Arrival, after,   2,   0,   0,   1,   0
   10711.528,   938,Finish(1),before,   1,   0,   0,   1,   0
   10711.528,   938,Finish(1), after,   2,   0,   0,   0,   1
   10722.270,   939,Finish(2),before,   1,   0,   0,   0,   1
   10722.270,   939,Finish(2), after,   1,   0,   0,   0,   0
   10724.735,   937,  Arrival,before,   0,   0,   0,   0,   0
   10724.735,   937,  Arrival, after,   2,   0,   0,   1,   0
   10725.744,   941,Finish(1),before,   1,   0,   0,   1,   0
   10725.744,   941,Finish(1), after,   2,   0,   0,   0,   1
   10739.575,   942,Finish(2),before,   1,   0,   0,   0,   1
   10739.575,   942,Finish(2), after,   1,   0,   0,   0,   0
   10755.606,   940,  Arrival,before,   0,   0,   0,   0,   0
   10755.606,   940,  Arrival, after,   2,   0,   0,   1,   0
   10767.152,   944,Finish(1),before,   1,   0,   0,   1,   0
   10767.152,   944,Finish(1), after,   2,   0,   0,   0,   1
   10781.442,   945,Finish(2),before,   1,   0,   0,   0,   1
   10781.442,   945,Finish(2), after,   1,   0,   0,   0,   0
   10803.353,   943,  Arrival,before,   0,   0,   0,   0,   0
   10803.353,   943,  Arrival, after,   2,   0,   0,   1,   0
   10817.674,   947,Finish(1),before,   1,   0,   0,   1,   0
   10817.674,   947,Finish(1), after,   2,   0,   0,   0,   1
   10834.738,   948,Finish(2),before,   1,   0,   0,   0,   1
   10834.738,   948,Finish(2), after,   1,   0,   0,   0,   0
   10853.673,   946,  Arrival,before,   0,   0,   0,   0,   0
   10853.673,   946,  Arrival, after,   2,   0,   0,   1,   0
   10860.072,   950,Finish(1),before,   1,   0,   0,   1,   0
   10860.072,   950,Finish(1), after,   2,   0,   0,   0,   1
   10877.379,   949,  Arrival,before,   1,   0,   0,   0,   1
   10877.379,   949,  Arrival, after,   3,   0,   0,   1,   1
   10877.628,   953,Finish(1),before,   2,   0,   0,   1,   1
   10877.628,   953,Finish(1), after,   2,   0,   1,   0,   1
   10879.699,   951,Finish(2),before,   1,   0,   1,   0,   1
   10879.699,   951,Finish(2), after,   2,   0,   0,   0,   1
   10897.004,   954,Finish(2),before,   1,   0,   0,   0,   1
   10897.004,   954,Finish(2), after,   1,   0,   0,   0,   0
   10923.503,   952,  Arrival,before,   0,   0,   0,   0,   0
   10923.503,   952,  Arrival, after,   2,   0,   0,   1,   0
   10939.053,   955,  Arrival,before,   1,   0,   0,   1,   0
   10939.053,   955,  Arrival, after,   2,   1,   0,   1,   0
   10949.667,   956,Finish(1),before,   1,   1,   0,   1,   0
   10949.667,   956,Finish(1), after,   3,   0,   0,   1,   1
   10951.154,   958,Finish(1),before,   2,   0,   0,   1,   1
   10951.154,   958,Finish(1), after,   2,   0,   1,   0,   1
   10964.656,   959,Finish(2),before,   1,   0,   1,   0,   1
   10964.656,   959,Finish(2), after,   2,   0,   0,   0,   1
   10980.327,   960,Finish(2),before,   1,   0,   0,   0,   1
   10980.327,   960,Finish(2), after,   1,   0,   0,   0,   0
   10983.804,   957,  Arrival,before,   0,   0,   0,   0,   0
   10983.804,   957,  Arrival, after,   2,   0,   0,   1,   0
   10990.508,   962,Finish(1),before,   1,   0,   0,   1,   0
   10990.508,   962,Finish(1), after,   2,   0,   0,   0,   1
   11005.368,   963,Finish(2),before,   1,   0,   0,   0,   1
   11005.368,   963,Finish(2), after,   1,   0,   0,   0,   0
   11024.853,   961,  Arrival,before,   0,   0,   0,   0,   0
   11024.853,   961,  Arrival, after,   2,   0,   0,   1,   0
   11027.730,   965,Finish(1),before,   1,   0,   0,   1,   0
   11027.730,   965,Finish(1), after,   2,   0,   0,   0,   1
   11039.020,   966,Finish(2),before,   1,   0,   0,   0,   1
   11039.020,   966,Finish(2), after,   1,   0,   0,   0,   0
   11074.896,   964,  Arrival,before,   0,   0,   0,   0,   0
   11074.896,   964,  Arrival, after,   2,   0,   0,   1,   0
   11079.123,   968,Finish(1),before,   1,   0,   0,   1,   0
   11079.123,   968,Finish(1), after,   2,   0,   0,   0,   1
   11096.074,   969,Finish(2),before,   1,   0,   0,   0,   1
   11096.074,   969,Finish(2), after,   1,   0,   0,   0,   0
   11112.436,   967,  Arrival,before,   0,   0,   0,   0,   0
   11112.436,   967,  Arrival, after,   2,   0,   0,   1,   0
   11114.826,   971,Finish(1),before,   1,   0,   0,   1,   0
   11114.826,   971,Finish(1), after,   2,   0,   0,   0,   1
   11134.869,   972,Finish(2),before,   1,   0,   0,   0,   1
   11134.869,   972,Finish(2), after,   1,   0,   0,   0,   0
   11156.616,   970,  Arrival,before,   0,   0,   0,   0,   0
   11156.616,   970,  Arrival, after,   2,   0,   0,   1,   0
   11185.883,   974,Finish(1),before,   1,   0,   0,   1,   0
   11185.883,   974,Finish(1), after,   2,   0,   0,   0,   1
   11192.085,   973,  Arrival,before,   1,   0,   0,   0,   1
   11192.085,   973,  Arrival, after,   3,   0,   0,   1,   1
   11200.621,   975,Finish(2),before,   2,   0,   0,   1,   1
   11200.621,   975,Finish(2), after,   2,   0,   0,   1,   0
   11202.293,   977,Finish(1),before,   1,   0,   0,   1,   0
   11202.293,   977,Finish(1), after,   2,   0,   0,   0,   1
   11222.962,   978,Finish(2),before,   1,   0,   0,   0,   1
   11222.962,   978,Finish(2), after,   1,   0,   0,   0,   0
   11228.607,   976,  Arrival,before,   0,   0,   0,   0,   0
   11228.607,   976,  Arrival, after,   2,   0,   0,   1,   0
   11241.352,   980,Finish(1),before,   1,   0,   0,   1,   0
   11241.352,   980,Finish(1), after,   2,   0,   0,   0,   1
   11257.314,   981,Finish(2),before,   1,   0,   0,   0,   1
   11257.314,   981,Finish(2), after,   1,   0,   0,   0,   0
   11282.052,   979,  Arrival,before,   0,   0,   0,   0,   0
   11282.052,   979,  Arrival, after,   2,   0,   0,   1,   0
   11282.146,   983,Finish(1),before,   1,   0,   0,   1,   0
   11282.146,   983,Finish(1), after,   2,   0,   0,   0,   1
   11297.583,   984,Finish(2),before,   1,   0,   0,   0,   1
   11297.583,   984,Finish(2), after,   1,   0,   0,   0,   0
   11324.768,   982,  Arrival,before,   0,   0,   0,   0,   0
   11324.768,   982,  Arrival, after,   2,   0,   0,   1,   0
   11340.122,   986,Finish(1),before,   1,   0,   0,   1,   0
   11340.122,   986,Finish(1), after,   2,   0,   0,   0,   1
   11358.834,   987,Finish(2),before,   1,   0,   0,   0,   1
   11358.834,   987,Finish(2), after,   1,   0,   0,   0,   0
   11364.293,   985,  Arrival,before,   0,   0,   0,   0,   0
   11364.293,   985,  Arrival, after,   2,   0,   0,   1,   0
   11368.731,   989,Finish(1),before,   1,   0,   0,   1,   0
   11368.731,   989,Finish(1), after,   2,   0,   0,   0,   1
   11382.068,   990,Finish(2),before,   1,   0,   0,   0,   1
   11382.068,   990,Finish(2), after,   1,   0,   0,   0,   0
   11415.702,   988,  Arrival,before,   0,   0,   0,   0,   0
   11415.702,   988,  Arrival, after,   2,   0,   0,   1,   0
   11427.992,   992,Finish(1),before,   1,   0,   0,   1,   0
   11427.992,   992,Finish(1), after,   2,   0,   0,   0,   1
   11442.807,   993,Finish(2),before,   1,   0,   0,   0,   1
   11442.807,   993,Finish(2), after,   1,   0,   0,   0,   0
   11443.473,   991,  Arrival,before,   0,   0,   0,   0,   0
   11443.473,   991,  Arrival, after,   2,   0,   0,   1,   0
   11461.668,   995,Finish(1),before,   1,   0,   0,   1,   0
   11461.668,   995,Finish(1), after,   2,   0,   0,   0,   1
   11475.989,   994,  Arrival,before,   1,   0,   0,   0,   1
   11475.989,   994,  Arrival, after,   3,   0,   0,   1,   1
   11477.479,   996,Finish(2),before,   2,   0,   0,   1,   1
   11477.479,   996,Finish(2), after,   2,   0,   0,   1,   0
   11481.587,   998,Finish(1),before,   1,   0,   0,   1,   0
   11481.587,   998,Finish(1), after,   2,   0,   0,   0,   1
   11501.383,   999,Finish(2),before,   1,   0,   0,   0,   1
   11501.383,   999,Finish(2), after,   1,   0,   0,   0,   0
   11523.134,   997,  Arrival,before,   0,   0,   0,   0,   0
   11523.134,   997,  Arrival, after,   2,   0,   0,   1,   0
   11524.747,  1001,Finish(1),before,   1,   0,   0,   1,   0
   11524.747,  1001,Finish(1), after,   2,   0,   0,   0,   1
   11540.744,  1002,Finish(2),before,   1,   0,   0,   0,   1
   11540.744,  1002,Finish(2), after,   1,   0,   0,   0,   0
   11550.904,  1000,  Arrival,before,   0,   0,   0,   0,   0
   11550.904,  1000,  Arrival, after,   2,   0,   0,   1,   0
   11558.088,  1004,Finish(1),before,   1,   0,   0,   1,   0
   11558.088,  1004,Finish(1), after,   2,   0,   0,   0,   1
   11571.614,  1003,  Arrival,before,   1,   0,   0,   0,   1
   11571.614,  1003,  Arrival, after,   3,   0,   0,   1,   1
   11571.770,  1007,Finish(1),before,   2,   0,   0,   1,   1
   11571.770,  1007,Finish(1), after,   2,   0,   1,   0,   1
   11571.858,  1005,Finish(2),before,   1,   0,   1,   0,   1
   11571.858,  1005,Finish(2), after,   2,   0,   0,   0,   1
   11589.696,  1008,Finish(2),before,   1,   0,   0,   0,   1
   11589.696,  1008,Finish(2), after,   1,   0,   0,   0,   0
   11591.383,  1006,  Arrival,before,   0,   0,   0,   0,   0
   11591.383,  1006,  Arrival, after,   2,   0,   0,   1,   0
   11600.346,  1010,Finish(1),before,   1,   0,   0,   1,   0
   11600.346,  1010,Finish(1), after,   2,   0,   0,   0,   1
   11611.772,  1011,Finish(2),before,   1,   0,   0,   0,   1
   11611.772,  1011,Finish(2), after,   1,   0,   0,   0,   0
   11625.857,  1009,  Arrival,before,   0,   0,   0,   0,   0
   11625.857,  1009,  Arrival, after,   2,   0,   0,   1,   0
   11627.361,  1013,Finish(1),before,   1,   0,   0,   1,   0
   11627.361,  1013,Finish(1), after,   2,   0,   0,   0,   1
   11642.854,  1014,Finish(2),before,   1,   0,   0,   0,   1
   11642.854,  1014,Finish(2), after,   1,   0,   0,   0,   0
   11677.598,  1012,  Arrival,before,   0,   0,   0,   0,   0
   11677.598,  1012,  Arrival, after,   2,   0,   0,   1,   0
   11682.618,  1016,Finish(1),before,   1,   0,   0,   1,   0
   11682.618,  1016,Finish(1), after,   2,   0,   0,   0,   1
   11694.478,  1017,Finish(2),before,   1,   0,   0,   0,   1
   11694.478,  1017,Finish(2), after,   1,   0,   0,   0,   0
   11716.741,  1015,  Arrival,before,   0,   0,   0,   0,   0
   11716.741,  1015,  Arrival, after,   2,   0,   0,   1,   0
   11724.945,  1019,Finish(1),before,   1,   0,   0,   1,   0
   11724.945,  1019,Finish(1), after,   2,   0,   0,   0,   1
   11729.405,  1018,  Arrival,before,   1,   0,   0,   0,   1
   11729.405,  1018,  Arrival, after,   3,   0,   0,   1,   1
   11736.954,  1022,Finish(1),before,   2,   0,   0,   1,   1
   11736.954,  1022,Finish(1), after,   2,   0,   1,   0,   1
   11744.200,  1020,Finish(2),before,   1,   0,   1,   0,   1
   11744.200,  1020,Finish(2), after,   2,   0,   0,   0,   1
   11756.710,  1023,Finish(2),before,   1,   0,   0,   0,   1
   11756.710,  1023,Finish(2), after,   1,   0,   0,   0,   0
   11759.126,  1021,  Arrival,before,   0,   0,   0,   0,   0
   11759.126,  1021,  Arrival, after,   2,   0,   0,   1,   0
   11761.997,  1025,Finish(1),before,   1,   0,   0,   1,   0
   11761.997,  1025,Finish(1), after,   2,   0,   0,   0,   1
   11778.175,  1026,Finish(2),before,   1,   0,   0,   0,   1
   11778.175,  1026,Finish(2), after,   1,   0,   0,   0,   0
   11814.557,  1024,  Arrival,before,   0,   0,   0,   0,   0
   11814.557,  1024,  Arrival, after,   2,   0,   0,   1,   0
   11818.016,  1028,Finish(1),before,   1,   0,   0,   1,   0
   11818.016,  1028,Finish(1), after,   2,   0,   0,   0,   1
   11831.470,  1029,Finish(2),before,   1,   0,   0,   0,   1
   11831.470,  1029,Finish(2), after,   1,   0,   0,   0,   0
   11831.928,  1027,  Arrival,before,   0,   0,   0,   0,   0
   11831.928,  1027,  Arrival, after,   2,   0,   0,   1,   0
   11850.189,  1031,Finish(1),before,   1,   0,   0,   1,   0
   11850.189,  1031,Finish(1), after,   2,   0,   0,   0,   1
   11866.455,  1032,Finish(2),before,   1,   0,   0,   0,   1
   11866.455,  1032,Finish(2), after,   1,   0,   0,   0,   0
   11874.598,  1030,  Arrival,before,   0,   0,   0,   0,   0
   11874.598,  1030,  Arrival, after,   2,   0,   0,   1,   0
   11884.255,  1034,Finish(1),before,   1,   0,   0,   1,   0
   11884.255,  1034,Finish(1), after,   2,   0,   0,   0,   1
   11897.666,  1035,Finish(2),before,   1,   0,   0,   0,   1
   11897.666,  1035,Finish(2), after,   1,   0,   0,   0,   0
   11932.394,  1033,  Arrival,before,   0,   0,   0,   0,   0
   11932.394,  1033,  Arrival, after,   2,   0,   0,   1,   0
   11933.160,  1037,Finish(1),before,   1,   0,   0,   1,   0
   11933.160,  1037,Finish(1), after,   2,   0,   0,   0,   1
   11947.342,  1038,Finish(2),before,   1,   0,   0,   0,   1
   11947.342,  1038,Finish(2), after,   1,   0,   0,   0,   0
   11976.259,  1036,  Arrival,before,   0,   0,   0,   0,   0
   11976.259,  1036,  Arrival, after,   2,   0,   0,   1,   0
   11993.715,  1040,Finish(1),before,   1,   0,   0,   1,   0
   11993.715,  1040,Finish(1), after,   2,   0,   0,   0,   1
   12011.919,  1041,Finish(2),before,   1,   0,   0,   0,   1
   12011.919,  1041,Finish(2), after,   1,   0,   0,   0,   0
   12026.331,  1039,  Arrival,before,   0,   0,   0,   0,   0
   12026.331,  1039,  Arrival, after,   2,   0,   0,   1,   0
   12056.681,  1043,Finish(1),before,   1,   0,   0,   1,   0
   12056.681,  1043,Finish(1), after,   2,   0,   0,   0,   1
   12061.705,  1042,  Arrival,before,   1,   0,   0,   0,   1
   12061.705,  1042,  Arrival, after,   3,   0,   0,   1,   1
   12062.583,  1046,Finish(1),before,   2,   0,   0,   1,   1
   12062.583,  1046,Finish(1), after,   2,   0,   1,   0,   1
   12073.120,  1044,Finish(2),before,   1,   0,   1,   0,   1
   12073.120,  1044,Finish(2), after,   2,   0,   0,   0,   1
   12086.938,  1047,Finish(2),before,   1,   0,   0,   0,   1
   12086.938,  1047,Finish(2), after,   1,   0,   0,   0,   0
   12095.126,  1045,  Arrival,before,   0,   0,   0,   0,   0
   12095.126,  1045,  Arrival, after,   2,   0,   0,   1,   0
   12108.900,  1049,Finish(1),before,   1,   0,   0,   1,   0
   12108.900,  1049,Finish(1), after,   2,   0,   0,   0,   1
   12124.543,  1050,Finish(2),before,   1,   0,   0,   0,   1
   12124.543,  1050,Finish(2), after,   1,   0,   0,   0,   0
   12132.708,  1048,  Arrival,before,   0,   0,   0,   0,   0
   12132.708,  1048,  Arrival, after,   2,   0,   0,   1,   0
   12135.209,  1052,Finish(1),before,   1,   0,   0,   1,   0
   12135.209,  1052,Finish(1), after,   2,   0,   0,   0,   1
   12147.482,  1053,Finish(2),before,   1,   0,   0,   0,   1
   12147.482,  1053,Finish(2), after,   1,   0,   0,   0,   0
   12150.906,  1051,  Arrival,before,   0,   0,   0,   0,   0
   12150.906,  1051,  Arrival, after,   2,   0,   0,   1,   0
   12154.899,  1055,Finish(1),before,   1,   0,   0,   1,   0
   12154.899,  1055,Finish(1), after,   2,   0,   0,   0,   1
   12166.341,  1054,  Arrival,before,   1,   0,   0,   0,   1
   12166.341,  1054,  Arrival, after,   3,   0,   0,   1,   1
   12172.344,  1058,Finish(1),before,   2,   0,   0,   1,   1
   12172.344,  1058,Finish(1), after,   2,   0,   1,   0,   1
   12175.815,  1056,Finish(2),before,   1,   0,   1,   0,   1
   12175.815,  1056,Finish(2), after,   2,   0,   0,   0,   1
   12190.221,  1059,Finish(2),before,   1,   0,   0,   0,   1
   12190.221,  1059,Finish(2), after,   1,   0,   0,   0,   0
   12214.678,  1057,  Arrival,before,   0,   0,   0,   0,   0
   12214.678,  1057,  Arrival, after,   2,   0,   0,   1,   0
   12221.222,  1061,Finish(1),before,   1,   0,   0,   1,   0
   12221.222,  1061,Finish(1), after,   2,   0,   0,   0,   1
   12237.031,  1062,Finish(2),before,   1,   0,   0,   0,   1
   12237.031,  1062,Finish(2), after,   1,   0,   0,   0,   0
   12270.693,  1060,  Arrival,before,   0,   0,   0,   0,   0
   12270.693,  1060,  Arrival, after,   2,   0,   0,   1,   0
   12279.961,  1064,Finish(1),before,   1,   0,   0,   1,   0
   12279.961,  1064,Finish(1), after,   2,   0,   0,   0,   1
   12301.289,  1065,Finish(2),before,   1,   0,   0,   0,   1
   12301.289,  1065,Finish(2), after,   1,   0,   0,   0,   0
   12324.752,  1063,  Arrival,before,   0,   0,   0,   0,   0
   12324.752,  1063,  Arrival, after,   2,   0,   0,   1,   0
   12334.677,  1067,Finish(1),before,   1,   0,   0,   1,   0
   12334.677,  1067,Finish(1), after,   2,   0,   0,   0,   1
   12343.229,  1068,Finish(2),before,   1,   0,   0,   0,   1
   12343.229,  1068,Finish(2), after,   1,   0,   0,   0,   0
   12360.914,  1066,  Arrival,before,   0,   0,   0,   0,   0
   12360.914,  1066,  Arrival, after,   2,   0,   0,   1,   0
   12365.446,  1070,Finish(1),before,   1,   0,   0,   1,   0
   12365.446,  1070,Finish(1), after,   2,   0,   0,   0,   1
   12383.849,  1069,  Arrival,before,   1,   0,   0,   0,   1
   12383.849,  1069,  Arrival, after,   3,   0,   0,   1,   1
   12386.818,  1071,Finish(2),before,   2,   0,   0,   1,   1
   12386.818,  1071,Finish(2), after,   2,   0,   0,   1,   0
   12387.203,  1073,Finish(1),before,   1,   0,   0,   1,   0
   12387.203,  1073,Finish(1), after,   2,   0,   0,   0,   1
   12407.048,  1074,Finish(2),before,   1,   0,   0,   0,   1
   12407.048,  1074,Finish(2), after,   1,   0,   0,   0,   0
   12410.148,  1072,  Arrival,before,   0,   0,   0,   0,   0
   12410.148,  1072,  Arrival, after,   2,   0,   0,   1,   0
   12428.570,  1076,Finish(1),before,   1,   0,   0,   1,   0
   12428.570,  1076,Finish(1), after,   2,   0,   0,   0,   1
   12432.133,  1075,  Arrival,before,   1,   0,   0,   0,   1
   12432.133,  1075,  Arrival, after,   3,   0,   0,   1,   1
   12445.557,  1077,Finish(2),before,   2,   0,   0,   1,   1
   12445.557,  1077,Finish(2), after,   2,   0,   0,   1,   0
   12455.665,  1079,Finish(1),before,   1,   0,   0,   1,   0
   12455.665,  1079,Finish(1), after,   2,   0,   0,   0,   1
   12472.778,  1078,  Arrival,before,   1,   0,   0,   0,   1
   12472.778,  1078,  Arrival, after,   3,   0,   0,   1,   1
   12472.995,  1080,Finish(2),before,   2,   0,   0,   1,   1
   12472.995,  1080,Finish(2), after,   2,   0,   0,   1,   0
   12482.024,  1082,Finish(1),before,   1,   0,   0,   1,   0
   12482.024,  1082,Finish(1), after,   2,   0,   0,   0,   1
   12493.458,  1081,  Arrival,before,   1,   0,   0,   0,   1
   12493.458,  1081,  Arrival, after,   3,   0,   0,   1,   1
   12498.013,  1083,Finish(2),before,   2,   0,   0,   1,   1
   12498.013,  1083,Finish(2), after,   2,   0,   0,   1,   0
   12503.165,  1085,Finish(1),before,   1,   0,   0,   1,   0
   12503.165,  1085,Finish(1), after,   2,   0,   0,   0,   1
   12517.979,  1086,Finish(2),before,   1,   0,   0,   0,   1
   12517.979,  1086,Finish(2), after,   1,   0,   0,   0,   0
   12518.075,  1084,  Arrival,before,   0,   0,   0,   0,   0
   12518.075,  1084,  Arrival, after,   2,   0,   0,   1,   0
   12519.651,  1088,Finish(1),before,   1,   0,   0,   1,   0
   12519.651,  1088,Finish(1), after,   2,   0,   0,   0,   1
   12533.151,  1089,Finish(2),before,   1,   0,   0,   0,   1
   12533.151,  1089,Finish(2), after,   1,   0,   0,   0,   0
   12573.878,  1087,  Arrival,before,   0,   0,   0,   0,   0
   12573.878,  1087,  Arrival, after,   2,   0,   0,   1,   0
   12587.583,  1091,Finish(1),before,   1,   0,   0,   1,   0
   12587.583,  1091,Finish(1), after,   2,   0,   0,   0,   1
   12603.938,  1092,Finish(2),before,   1,   0,   0,   0,   1
   12603.938,  1092,Finish(2), after,   1,   0,   0,   0,   0
   12621.724,  1090,  Arrival,before,   0,   0,   0,   0,   0
   12621.724,  1090,  Arrival, after,   2,   0,   0,   1,   0
   12624.023,  1094,Finish(1),before,   1,   0,   0,   1,   0
   12624.023,  1094,Finish(1), after,   2,   0,   0,   0,   1
   12641.467,  1095,Finish(2),before,   1,   0,   0,   0,   1
   12641.467,  1095,Finish(2), after,   1,   0,   0,   0,   0
   12648.384,  1093,  Arrival,before,   0,   0,   0,   0,   0
   12648.384,  1093,  Arrival, after,   2,   0,   0,   1,   0
   12650.339,  1097,Finish(1),before,   1,   0,   0,   1,   0
   12650.339,  1097,Finish(1), after,   2,   0,   0,   0,   1
   12659.620,  1096,  Arrival,before,   1,   0,   0,   0,   1
   12659.620,  1096,  Arrival, after,   3,   0,   0,   1,   1
   12660.325,  1100,Finish(1),before,   2,   0,   0,   1,   1
   12660.325,  1100,Finish(1), after,   2,   0,   1,   0,   1
   12667.844,  1098,Finish(2),before,   1,   0,   1,   0,   1
   12667.844,  1098,Finish(2), after,   2,   0,   0,   0,   1
   12679.259,  1101,Finish(2),before,   1,   0,   0,   0,   1
   12679.259,  1101,Finish(2), after,   1,   0,   0,   0,   0
   12682.178,  1099,  Arrival,before,   0,   0,   0,   0,   0
   12682.178,  1099,  Arrival, after,   2,   0,   0,   1,   0
   12687.695,  1103,Finish(1),before,   1,   0,   0,   1,   0
   12687.695,  1103,Finish(1), after,   2,   0,   0,   0,   1
   12693.850,  1102,  Arrival,before,   1,   0,   0,   0,   1
   12693.850,  1102,  Arrival, after,   3,   0,   0,   1,   1
   12703.965,  1104,Finish(2),before,   2,   0,   0,   1,   1
   12703.965,  1104,Finish(2), after,   2,   0,   0,   1,   0
   12708.210,  1106,Finish(1),before,   1,   0,   0,   1,   0
   12708.210,  1106,Finish(1), after,   2,   0,   0,   0,   1
   12726.816,  1107,Finish(2),before,   1,   0,   0,   0,   1
   12726.816,  1107,Finish(2), after,   1,   0,   0,   0,   0
   12739.291,  1105,  Arrival,before,   0,   0,   0,   0,   0
   12739.291,  1105,  Arrival, after,   2,   0,   0,   1,   0
   12748.644,  1109,Finish(1),before,   1,   0,   0,   1,   0
   12748.644,  1109,Finish(1), after,   2,   0,   0,   0,   1
   12766.242,  1110,Finish(2),before,   1,   0,   0,   0,   1
   12766.242,  1110,Finish(2), after,   1,   0,   0,   0,   0
   12781.915,  1108,  Arrival,before,   0,   0,   0,   0,   0
   12781.915,  1108,  Arrival, after,   2,   0,   0,   1,   0
   12801.072,  1112,Finish(1),before,   1,   0,   0,   1,   0
   12801.072,  1112,Finish(1), after,   2,   0,   0,   0,   1
   12816.620,  1113,Finish(2),before,   1,   0,   0,   0,   1
   12816.620,  1113,Finish(2), after,   1,   0,   0,   0,   0
   12817.251,  1111,  Arrival,before,   0,   0,   0,   0,   0
   12817.251,  1111,  Arrival, after,   2,   0,   0,   1,   0
   12823.709,  1115,Finish(1),before,   1,   0,   0,   1,   0
   12823.709,  1115,Finish(1), after,   2,   0,   0,   0,   1
   12841.010,  1116,Finish(2),before,   1,   0,   0,   0,   1
   12841.010,  1116,Finish(2), after,   1,   0,   0,   0,   0
   12857.132,  1114,  Arrival,before,   0,   0,   0,   0,   0
   12857.132,  1114,  Arrival, after,   2,   0,   0,   1,   0
   12857.587,  1118,Finish(1),before,   1,   0,   0,   1,   0
   12857.587,  1118,Finish(1), after,   2,   0,   0,   0,   1
   12869.926,  1119,Finish(2),before,   1,   0,   0,   0,   1
   12869.926,  1119,Finish(2), after,   1,   0,   0,   0,   0
   12892.607,  1117,  Arrival,before,   0,   0,   0,   0,   0
   12892.607,  1117,  Arrival, after,   2,   0,   0,   1,   0
   12901.375,  1121,Finish(1),before,   1,   0,   0,   1,   0
   12901.375,  1121,Finish(1), after,   2,   0,   0,   0,   1
   12910.723,  1120,  Arrival,before,   1,   0,   0,   0,   1
   12910.723,  1120,  Arrival, after,   3,   0,   0,   1,   1
   12912.225,  1124,Finish(1),before,   2,   0,   0,   1,   1
   12912.225,  1124,Finish(1), after,   2,   0,   1,   0,   1
   12919.782,  1122,Finish(2),before,   1,   0,   1,   0,   1
   12919.782,  1122,Finish(2), after,   2,   0,   0,   0,   1
   12939.196,  1125,Finish(2),before,   1,   0,   0,   0,   1
   12939.196,  1125,Finish(2), after,   1,   0,   0,   0,   0
   12966.791,  1123,  Arrival,before,   0,   0,   0,   0,   0
   12966.791,  1123,  Arrival, after,   2,   0,   0,   1,   0
   12973.423,  1127,Finish(1),before,   1,   0,   0,   1,   0
   12973.423,  1127,Finish(1), after,   2,   0,   0,   0,   1
   12985.259,  1128,Finish(2),before,   1,   0,   0,   0,   1
   12985.259,  1128,Finish(2), after,   1,   0,   0,   0,   0
   13009.503,  1126,  Arrival,before,   0,   0,   0,   0,   0
   13009.503,  1126,  Arrival, after,   2,   0,   0,   1,   0
   13024.596,  1130,Finish(1),before,   1,   0,   0,   1,   0
   13024.596,  1130,Finish(1), after,   2,   0,   0,   0,   1
   13038.997,  1131,Finish(2),before,   1,   0,   0,   0,   1
   13038.997,  1131,Finish(2), after,   1,   0,   0,   0,   0
   13043.702,  1129,  Arrival,before,   0,   0,   0,   0,   0
   13043.702,  1129,  Arrival, after,   2,   0,   0,   1,   0
   13060.070,  1132,  Arrival,before,   1,   0,   0,   1,   0
   13060.070,  1132,  Arrival, after,   2,   1,   0,   1,   0
   13082.187,  1133,Finish(1),before,   1,   1,   0,   1,   0
   13082.187,  1133,Finish(1), after,   3,   0,   0,   1,   1
   13082.830,  1134,  Arrival,before,   2,   0,   0,   1,   1
   13082.830,  1134,  Arrival, after,   3,   1,   0,   1,   1
   13083.302,  1135,Finish(1),before,   2,   1,   0,   1,   1
   13083.302,  1135,Finish(1), after,   3,   0,   1,   1,   1
   13084.554,  1138,Finish(1),before,   2,   0,   1,   1,   1
   13084.554,  1138,Finish(1), after,   2,   0,   2,   0,   1
   13096.125,  1136,Finish(2),before,   1,   0,   2,   0,   1
   13096.125,  1136,Finish(2), after,   2,   0,   1,   0,   1
   13108.720,  1139,Finish(2),before,   1,   0,   1,   0,   1
   13108.720,  1139,Finish(2), after,   2,   0,   0,   0,   1
   13121.767,  1140,Finish(2),before,   1,   0,   0,   0,   1
   13121.767,  1140,Finish(2), after,   1,   0,   0,   0,   0
   13131.579,  1137,  Arrival,before,   0,   0,   0,   0,   0
   13131.579,  1137,  Arrival, after,   2,   0,   0,   1,   0
   13142.860,  1142,Finish(1),before,   1,   0,   0,   1,   0
   13142.860,  1142,Finish(1), after,   2,   0,   0,   0,   1
   13147.233,  1141,  Arrival,before,   1,   0,   0,   0,   1
   13147.233,  1141,  Arrival, after,   3,   0,   0,   1,   1
   13152.545,  1145,Finish(1),before,   2,   0,   0,   1,   1
   13152.545,  1145,Finish(1), after,   2,   0,   1,   0,   1
   13156.074,  1143,Finish(2),before,   1,   0,   1,   0,   1
   13156.074,  1143,Finish(2), after,   2,   0,   0,   0,   1
   13174.219,  1144,  Arrival,before,   1,   0,   0,   0,   1
   13174.219,  1144,  Arrival, after,   3,   0,   0,   1,   1
   13174.901,  1146,Finish(2),before,   2,   0,   0,   1,   1
   13174.901,  1146,Finish(2), after,   2,   0,   0,   1,   0
   13208.476,  1148,Finish(1),before,   1,   0,   0,   1,   0
   13208.476,  1148,Finish(1), after,   2,   0,   0,   0,   1
   13223.838,  1149,Finish(2),before,   1,   0,   0,   0,   1
   13223.838,  1149,Finish(2), after,   1,   0,   0,   0,   0
   13225.528,  1147,  Arrival,before,   0,   0,   0,   0,   0
   13225.528,  1147,  Arrival, after,   2,   0,   0,   1,   0
   13241.027,  1150,  Arrival,before,   1,   0,   0,   1,   0
   13241.027,  1150,  Arrival, after,   2,   1,   0,   1,   0
   13245.269,  1151,Finish(1),before,   1,   1,   0,   1,   0
   13245.269,  1151,Finish(1), after,   3,   0,   0,   1,   1
   13247.000,  1153,Finish(1),before,   2,   0,   0,   1,   1
   13247.000,  1153,Finish(1), after,   2,   0,   1,   0,   1
   13253.901,  1152,  Arrival,before,   1,   0,   1,   0,   1
   13253.901,  1152,  Arrival, after,   3,   0,   1,   1,   1
   13262.965,  1154,Finish(2),before,   2,   0,   1,   1,   1
   13262.965,  1154,Finish(2), after,   3,   0,   0,   1,   1
   13270.210,  1156,Finish(1),before,   2,   0,   0,   1,   1
   13270.210,  1156,Finish(1), after,   2,   0,   1,   0,   1
   13272.640,  1157,Finish(2),before,   1,   0,   1,   0,   1
   13272.640,  1157,Finish(2), after,   2,   0,   0,   0,   1
   13273.581,  1155,  Arrival,before,   1,   0,   0,   0,   1
   13273.581,  1155,  Arrival, after,   3,   0,   0,   1,   1
   13291.086,  1158,Finish(2),before,   2,   0,   0,   1,   1
   13291.086,  1158,Finish(2), after,   2,   0,   0,   1,   0
   13292.275,  1160,Finish(1),before,   1,   0,   0,   1,   0
   13292.275,  1160,Finish(1), after,   2,   0,   0,   0,   1
   13305.731,  1161,Finish(2),before,   1,   0,   0,   0,   1
   13305.731,  1161,Finish(2), after,   1,   0,   0,   0,   0
   13331.531,  1159,  Arrival,before,   0,   0,   0,   0,   0
   13331.531,  1159,  Arrival, after,   2,   0,   0,   1,   0
   13347.318,  1163,Finish(1),before,   1,   0,   0,   1,   0
   13347.318,  1163,Finish(1), after,   2,   0,   0,   0,   1
   13362.936,  1164,Finish(2),before,   1,   0,   0,   0,   1
   13362.936,  1164,Finish(2), after,   1,   0,   0,   0,   0
   13370.935,  1162,  Arrival,before,   0,   0,   0,   0,   0
   13370.935,  1162,  Arrival, after,   2,   0,   0,   1,   0
   13375.702,  1166,Finish(1),before,   1,   0,   0,   1,   0
   13375.702,  1166,Finish(1), after,   2,   0,   0,   0,   1
   13391.614,  1167,Finish(2),before,   1,   0,   0,   0,   1
   13391.614,  1167,Finish(2), after,   1,   0,   0,   0,   0
   13419.822,  1165,  Arrival,before,   0,   0,   0,   0,   0
   13419.822,  1165,  Arrival, after,   2,   0,   0,   1,   0
   13420.110,  1169,Finish(1),before,   1,   0,   0,   1,   0
   13420.110,  1169,Finish(1), after,   2,   0,   0,   0,   1
   13433.308,  1170,Finish(2),before,   1,   0,   0,   0,   1
   13433.308,  1170,Finish(2), after,   1,   0,   0,   0,   0
   13472.890,  1168,  Arrival,before,   0,   0,   0,   0,   0
   13472.890,  1168,  Arrival, after,   2,   0,   0,   1,   0
   13479.465,  1172,Finish(1),before,   1,   0,   0,   1,   0
   13479.465,  1172,Finish(1), after,   2,   0,   0,   0,   1
   13495.580,  1173,Finish(2),before,   1,   0,   0,   0,   1
   13495.580,  1173,Finish(2), after,   1,   0,   0,   0,   0
   13520.385,  1171,  Arrival,before,   0,   0,   0,   0,   0
   13520.385,  1171,  Arrival, after,   2,   0,   0,   1,   0
   13524.347,  1175,Finish(1),before,   1,   0,   0,   1,   0
   13524.347,  1175,Finish(1), after,   2,   0,   0,   0,   1
   13542.552,  1176,Finish(2),before,   1,   0,   0,   0,   1
   13542.552,  1176,Finish(2), after,   1,   0,   0,   0,   0
   13545.062,  1174,  Arrival,before,   0,   0,   0,   0,   0
   13545.062,  1174,  Arrival, after,   2,   0,   0,   1,   0
   13550.321,  1178,Finish(1),before,   1,   0,   0,   1,   0
   13550.321,  1178,Finish(1), after,   2,   0,   0,   0,   1
   13564.581,  1179,Finish(2),before,   1,   0,   0,   0,   1
   13564.581,  1179,Finish(2), after,   1,   0,   0,   0,   0
   13572.227,  1177,  Arrival,before,   0,   0,   0,   0,   0
   13572.227,  1177,  Arrival, after,   2,   0,   0,   1,   0
   13586.538,  1181,Finish(1),before,   1,   0,   0,   1,   0
   13586.538,  1181,Finish(1), after,   2,   0,   0,   0,   1
   13604.890,  1182,Finish(2),before,   1,   0,   0,   0,   1
   13604.890,  1182,Finish(2), after,   1,   0,   0,   0,   0
   13622.400,  1180,  Arrival,before,   0,   0,   0,   0,   0
   13622.400,  1180,  Arrival, after,   2,   0,   0,   1,   0
   13623.723,  1184,Finish(1),before,   1,   0,   0,   1,   0
   13623.723,  1184,Finish(1), after,   2,   0,   0,   0,   1
   13642.426,  1185,Finish(2),before,   1,   0,   0,   0,   1
   13642.426,  1185,Finish(2), after,   1,   0,   0,   0,   0
   13673.399,  1183,  Arrival,before,   0,   0,   0,   0,   0
   13673.399,  1183,  Arrival, after,   2,   0,   0,   1,   0
   13682.670,  1187,Finish(1),before,   1,   0,   0,   1,   0
   13682.670,  1187,Finish(1), after,   2,   0,   0,   0,   1
   13687.297,  1186,  Arrival,before,   1,   0,   0,   0,   1
   13687.297,  1186,  Arrival, after,   3,   0,   0,   1,   1
   13688.492,  1190,Finish(1),before,   2,   0,   0,   1,   1
   13688.492,  1190,Finish(1), after,   2,   0,   1,   0,   1
   13697.242,  1188,Finish(2),before,   1,   0,   1,   0,   1
   13697.242,  1188,Finish(2), after,   2,   0,   0,   0,   1
   13710.534,  1191,Finish(2),before,   1,   0,   0,   0,   1
   13710.534,  1191,Finish(2), after,   1,   0,   0,   0,   0
   13710.557,  1189,  Arrival,before,   0,   0,   0,   0,   0
   13710.557,  1189,  Arrival, after,   2,   0,   0,   1,   0
   13717.182,  1193,Finish(1),before,   1,   0,   0,   1,   0
   13717.182,  1193,Finish(1), after,   2,   0,   0,   0,   1
   13733.438,  1194,Finish(2),before,   1,   0,   0,   0,   1
   13733.438,  1194,Finish(2), after,   1,   0,   0,   0,   0
   13754.564,  1192,  Arrival,before,   0,   0,   0,   0,   0
   13754.564,  1192,  Arrival, after,   2,   0,   0,   1,   0
   13761.060,  1196,Finish(1),before,   1,   0,   0,   1,   0
   13761.060,  1196,Finish(1), after,   2,   0,   0,   0,   1
   13778.657,  1195,  Arrival,before,   1,   0,   0,   0,   1
   13778.657,  1195,  Arrival, after,   3,   0,   0,   1,   1
   13780.939,  1197,Finish(2),before,   2,   0,   0,   1,   1
   13780.939,  1197,Finish(2), after,   2,   0,   0,   1,   0
   13819.469,  1199,Finish(1),before,   1,   0,   0,   1,   0
   13819.469,  1199,Finish(1), after,   2,   0,   0,   0,   1
   13819.803,  1198,  Arrival,before,   1,   0,   0,   0,   1
   13819.803,  1198,  Arrival, after,   3,   0,   0,   1,   1
   13827.779,  1202,Finish(1),before,   2,   0,   0,   1,   1
   13827.779,  1202,Finish(1), after,   2,   0,   1,   0,   1
   13836.899,  1200,Finish(2),before,   1,   0,   1,   0,   1
   13836.899,  1200,Finish(2), after,   2,   0,   0,   0,   1
   13850.233,  1203,Finish(2),before,   1,   0,   0,   0,   1
   13850.233,  1203,Finish(2), after,   1,   0,   0,   0,   0
   13871.681,  1201,  Arrival,before,   0,   0,   0,   0,   0
   13871.681,  1201,  Arrival, after,   2,   0,   0,   1,   0
   13880.574,  1205,Finish(1),before,   1,   0,   0,   1,   0
   13880.574,  1205,Finish(1), after,   2,   0,   0,   0,   1
   13899.674,  1206,Finish(2),before,   1,   0,   0,   0,   1
   13899.674,  1206,Finish(2), after,   1,   0,   0,   0,   0
   13921.198,  1204,  Arrival,before,   0,   0,   0,   0,   0
   13921.198,  1204,  Arrival, after,   2,   0,   0,   1,   0
   13935.743,  1208,Finish(1),before,   1,   0,   0,   1,   0
   13935.743,  1208,Finish(1), after,   2,   0,   0,   0,   1
   13945.422,  1207,  Arrival,before,   1,   0,   0,   0,   1
   13945.422,  1207,  Arrival, after,   3,   0,   0,   1,   1
   13949.424,  1209,Finish(2),before,   2,   0,   0,   1,   1
   13949.424,  1209,Finish(2), after,   2,   0,   0,   1,   0
   13949.853,  1211,Finish(1),before,   1,   0,   0,   1,   0
   13949.853,  1211,Finish(1), after,   2,   0,   0,   0,   1
   13967.385,  1212,Finish(2),before,   1,   0,   0,   0,   1
   13967.385,  1212,Finish(2), after,   1,   0,   0,   0,   0
   14001.889,  1210,  Arrival,before,   0,   0,   0,   0,   0
   14001.889,  1210,  Arrival, after,   2,   0,   0,   1,   0
   14002.188,  1214,Finish(1),before,   1,   0,   0,   1,   0
   14002.188,  1214,Finish(1), after,   2,   0,   0,   0,   1
   14020.225,  1215,Finish(2),before,   1,   0,   0,   0,   1
   14020.225,  1215,Finish(2), after,   1,   0,   0,   0,   0
   14039.646,  1213,  Arrival,before,   0,   0,   0,   0,   0
   14039.646,  1213,  Arrival, after,   2,   0,   0,   1,   0
   14060.857,  1216,  Arrival,before,   1,   0,   0,   1,   0
   14060.857,  1216,  Arrival, after,   2,   1,   0,   1,   0
   14072.469,  1217,Finish(1),before,   1,   1,   0,   1,   0
   14072.469,  1217,Finish(1), after,   3,   0,   0,   1,   1
   14072.570,  1219,Finish(1),before,   2,   0,   0,   1,   1
   14072.570,  1219,Finish(1), after,   2,   0,   1,   0,   1
   14088.440,  1220,Finish(2),before,   1,   0,   1,   0,   1
   14088.440,  1220,Finish(2), after,   2,   0,   0,   0,   1
   14101.131,  1218,  Arrival,before,   1,   0,   0,   0,   1
   14101.131,  1218,  Arrival, after,   3,   0,   0,   1,   1
   14102.423,  1221,Finish(2),before,   2,   0,   0,   1,   1
   14102.423,  1221,Finish(2), after,   2,   0,   0,   1,   0
   14102.831,  1223,Finish(1),before,   1,   0,   0,   1,   0
   14102.831,  1223,Finish(1), after,   2,   0,   0,   0,   1
   14118.016,  1224,Finish(2),before,   1,   0,   0,   0,   1
   14118.016,  1224,Finish(2), after,   1,   0,   0,   0,   0
   14147.916,  1222,  Arrival,before,   0,   0,   0,   0,   0
   14147.916,  1222,  Arrival, after,   2,   0,   0,   1,   0
   14154.010,  1226,Finish(1),before,   1,   0,   0,   1,   0
   14154.010,  1226,Finish(1), after,   2,   0,   0,   0,   1
   14165.550,  1227,Finish(2),before,   1,   0,   0,   0,   1
   14165.550,  1227,Finish(2), after,   1,   0,   0,   0,   0
   14173.120,  1225,  Arrival,before,   0,   0,   0,   0,   0
   14173.120,  1225,  Arrival, after,   2,   0,   0,   1,   0
   14187.186,  1229,Finish(1),before,   1,   0,   0,   1,   0
   14187.186,  1229,Finish(1), after,   2,   0,   0,   0,   1
   14205.630,  1230,Finish(2),before,   1,   0,   0,   0,   1
   14205.630,  1230,Finish(2), after,   1,   0,   0,   0,   0
   14224.896,  1228,  Arrival,before,   0,   0,   0,   0,   0
   14224.896,  1228,  Arrival, after,   2,   0,   0,   1,   0
   14225.294,  1232,Finish(1),before,   1,   0,   0,   1,   0
   14225.294,  1232,Finish(1), after,   2,   0,   0,   0,   1
   14239.647,  1233,Finish(2),before,   1,   0,   0,   0,   1
   14239.647,  1233,Finish(2), after,   1,   0,   0,   0,   0
   14256.503,  1231,  Arrival,before,   0,   0,   0,   0,   0
   14256.503,  1231,  Arrival, after,   2,   0,   0,   1,   0
   14266.771,  1235,Finish(1),before,   1,   0,   0,   1,   0
   14266.771,  1235,Finish(1), after,   2,   0,   0,   0,   1
   14282.934,  1236,Finish(2),before,   1,   0,   0,   0,   1
   14282.934,  1236,Finish(2), after,   1,   0,   0,   0,   0
   14287.745,  1234,  Arrival,before,   0,   0,   0,   0,   0
   14287.745,  1234,  Arrival, after,   2,   0,   0,   1,   0
   14303.133,  1238,Finish(1),before,   1,   0,   0,   1,   0
   14303.133,  1238,Finish(1), after,   2,   0,   0,   0,   1
   14315.525,  1237,  Arrival,before,   1,   0,   0,   0,   1
   14315.525,  1237,  Arrival, after,   3,   0,   0,   1,   1
   14319.130,  1241,Finish(1),before,   2,   0,   0,   1,   1
   14319.130,  1241,Finish(1), after,   2,   0,   1,   0,   1
   14324.367,  1239,Finish(2),before,   1,   0,   1,   0,   1
   14324.367,  1239,Finish(2), after,   2,   0,   0,   0,   1
   14329.871,  1240,  Arrival,before,   1,   0,   0,   0,   1
   14329.871,  1240,  Arrival, after,   3,   0,   0,   1,   1
   14329.974,  1244,Finish(1),before,   2,   0,   0,   1,   1
   14329.974,  1244,Finish(1), after,   2,   0,   1,   0,   1
   14340.592,  1242,Finish(2),before,   1,   0,   1,   0,   1
   14340.592,  1242,Finish(2), after,   2,   0,   0,   0,   1
   14353.828,  1245,Finish(2),before,   1,   0,   0,   0,   1
   14353.828,  1245,Finish(2), after,   1,   0,   0,   0,   0
   14373.235,  1243,  Arrival,before,   0,   0,   0,   0,   0
   14373.235,  1243,  Arrival, after,   2,   0,   0,   1,   0
   14374.247,  1247,Finish(1),before,   1,   0,   0,   1,   0
   14374.247,  1247,Finish(1), after,   2,   0,   0,   0,   1
   14385.389,  1246,  Arrival,before,   1,   0,   0,   0,   1
   14385.389,  1246,  Arrival, after,   3,   0,   0,   1,   1
   14388.364,  1248,Finish(2),before,   2,   0,   0,   1,   1
   14388.364,  1248,Finish(2), after,   2,   0,   0,   1,   0
   14388.473,  1250,Finish(1),before,   1,   0,   0,   1,   0
   14388.473,  1250,Finish(1), after,   2,   0,   0,   0,   1
   14402.252,  1251,Finish(2),before,   1,   0,   0,   0,   1
   14402.252,  1251,Finish(2), after,   1,   0,   0,   0,   0
   14422.369,  1249,  Arrival,before,   0,   0,   0,   0,   0
   14422.369,  1249,  Arrival, after,   2,   0,   0,   1,   0
   14436.079,  1253,Finish(1),before,   1,   0,   0,   1,   0
   14436.079,  1253,Finish(1), after,   2,   0,   0,   0,   1
   14454.097,  1254,Finish(2),before,   1,   0,   0,   0,   1
   14454.097,  1254,Finish(2), after,   1,   0,   0,   0,   0
   14458.371,  1252,  Arrival,before,   0,   0,   0,   0,   0
   14458.371,  1252,  Arrival, after,   2,   0,   0,   1,   0
   14470.642,  1256,Finish(1),before,   1,   0,   0,   1,   0
   14470.642,  1256,Finish(1), after,   2,   0,   0,   0,   1
   14474.294,  1255,  Arrival,before,   1,   0,   0,   0,   1
   14474.294,  1255,  Arrival, after,   3,   0,   0,   1,   1
   14486.456,  1257,Finish(2),before,   2,   0,   0,   1,   1
   14486.456,  1257,Finish(2), after,   2,   0,   0,   1,   0
   14505.648,  1259,Finish(1),before,   1,   0,   0,   1,   0
   14505.648,  1259,Finish(1), after,   2,   0,   0,   0,   1
   14510.768,  1258,  Arrival,before,   1,   0,   0,   0,   1
   14510.768,  1258,  Arrival, after,   3,   0,   0,   1,   1
   14526.992,  1260,Finish(2),before,   2,   0,   0,   1,   1
   14526.992,  1260,Finish(2), after,   2,   0,   0,   1,   0
   14530.280,  1262,Finish(1),before,   1,   0,   0,   1,   0
   14530.280,  1262,Finish(1), after,   2,   0,   0,   0,   1
   14541.161,  1263,Finish(2),before,   1,   0,   0,   0,   1
   14541.161,  1263,Finish(2), after,   1,   0,   0,   0,   0
   14564.706,  1261,  Arrival,before,   0,   0,   0,   0,   0
   14564.706,  1261,  Arrival, after,   2,   0,   0,   1,   0
   14575.996,  1265,Finish(1),before,   1,   0,   0,   1,   0
   14575.996,  1265,Finish(1), after,   2,   0,   0,   0,   1
   14584.718,  1264,  Arrival,before,   1,   0,   0,   0,   1
   14584.718,  1264,  Arrival, after,   3,   0,   0,   1,   1
   14589.445,  1268,Finish(1),before,   2,   0,   0,   1,   1
   14589.445,  1268,Finish(1), after,   2,   0,   1,   0,   1
   14594.454,  1266,Finish(2),before,   1,   0,   1,   0,   1
   14594.454,  1266,Finish(2), after,   2,   0,   0,   0,   1
   14613.400,  1269,Finish(2),before,   1,   0,   0,   0,   1
   14613.400,  1269,Finish(2), after,   1,   0,   0,   0,   0
   14639.032,  1267,  Arrival,before,   0,   0,   0,   0,   0
   14639.032,  1267,  Arrival, after,   2,   0,   0,   1,   0
   14640.705,  1271,Finish(1),before,   1,   0,   0,   1,   0
   14640.705,  1271,Finish(1), after,   2,   0,   0,   0,   1
   14658.141,  1272,Finish(2),before,   1,   0,   0,   0,   1
   14658.141,  1272,Finish(2), after,   1,   0,   0,   0,   0
   14683.957,  1270,  Arrival,before,   0,   0,   0,   0,   0
   14683.957,  1270,  Arrival, after,   2,   0,   0,   1,   0
   14686.382,  1274,Finish(1),before,   1,   0,   0,   1,   0
   14686.382,  1274,Finish(1), after,   2,   0,   0,   0,   1
   14702.636,  1275,Finish(2),before,   1,   0,   0,   0,   1
   14702.636,  1275,Finish(2), after,   1,   0,   0,   0,   0
   14714.208,  1273,  Arrival,before,   0,   0,   0,   0,   0
   14714.208,  1273,  Arrival, after,   2,   0,   0,   1,   0
   14714.977,  1277,Finish(1),before,   1,   0,   0,   1,   0
   14714.977,  1277,Finish(1), after,   2,   0,   0,   0,   1
   14729.353,  1276,  Arrival,before,   1,   0,   0,   0,   1
   14729.353,  1276,  Arrival, after,   3,   0,   0,   1,   1
   14730.058,  1280,Finish(1),before,   2,   0,   0,   1,   1
   14730.058,  1280,Finish(1), after,   2,   0,   1,   0,   1
   14734.234,  1278,Finish(2),before,   1,   0,   1,   0,   1
   14734.234,  1278,Finish(2), after,   2,   0,   0,   0,   1
   14753.525,  1281,Finish(2),before,   1,   0,   0,   0,   1
   14753.525,  1281,Finish(2), after,   1,   0,   0,   0,   0
   14782.897,  1279,  Arrival,before,   0,   0,   0,   0,   0
   14782.897,  1279,  Arrival, after,   2,   0,   0,   1,   0
   14793.485,  1283,Finish(1),before,   1,   0,   0,   1,   0
   14793.485,  1283,Finish(1), after,   2,   0,   0,   0,   1
   14803.600,  1282,  Arrival,before,   1,   0,   0,   0,   1
   14803.600,  1282,  Arrival, after,   3,   0,   0,   1,   1
   14809.873,  1284,Finish(2),before,   2,   0,   0,   1,   1
   14809.873,  1284,Finish(2), after,   2,   0,   0,   1,   0
   14815.232,  1286,Finish(1),before,   1,   0,   0,   1,   0
   14815.232,  1286,Finish(1), after,   2,   0,   0,   0,   1
   14833.611,  1287,Finish(2),before,   1,   0,   0,   0,   1
   14833.611,  1287,Finish(2), after,   1,   0,   0,   0,   0
   14850.623,  1285,  Arrival,before,   0,   0,   0,   0,   0
   14850.623,  1285,  Arrival, after,   2,   0,   0,   1,   0
   14852.495,  1289,Finish(1),before,   1,   0,   0,   1,   0
   14852.495,  1289,Finish(1), after,   2,   0,   0,   0,   1
   14866.642,  1290,Finish(2),before,   1,   0,   0,   0,   1
   14866.642,  1290,Finish(2), after,   1,   0,   0,   0,   0
   14898.674,  1288,  Arrival,before,   0,   0,   0,   0,   0
   14898.674,  1288,  Arrival, after,   2,   0,   0,   1,   0
   14899.669,  1292,Finish(1),before,   1,   0,   0,   1,   0
   14899.669,  1292,Finish(1), after,   2,   0,   0,   0,   1
   14916.067,  1293,Finish(2),before,   1,   0,   0,   0,   1
   14916.067,  1293,Finish(2), after,   1,   0,   0,   0,   0
   14931.234,  1291,  Arrival,before,   0,   0,   0,   0,   0
   14931.234,  1291,  Arrival, after,   2,   0,   0,   1,   0
   14938.055,  1295,Finish(1),before,   1,   0,   0,   1,   0
   14938.055,  1295,Finish(1), after,   2,   0,   0,   0,   1
   14952.678,  1294,  Arrival,before,   1,   0,   0,   0,   1
   14952.678,  1294,  Arrival, after,   3,   0,   0,   1,   1
   14954.919,  1296,Finish(2),before,   2,   0,   0,   1,   1
   14954.919,  1296,Finish(2), after,   2,   0,   0,   1,   0
   14982.344,  1297,  Arrival,before,   1,   0,   0,   1,   0
   14982.344,  1297,  Arrival, after,   2,   1,   0,   1,   0
   14987.518,  1298,Finish(1),before,   1,   1,   0,   1,   0
   14987.518,  1298,Finish(1), after,   3,   0,   0,   1,   1
   14989.740,  1300,Finish(1),before,   2,   0,   0,   1,   1
   14989.740,  1300,Finish(1), after,   2,   0,   1,   0,   1
   14995.155,  1299,  Arrival,before,   1,   0,   1,   0,   1
   14995.155,  1299,  Arrival, after,   3,   0,   1,   1,   1
   15003.521,  1301,Finish(2),before,   2,   0,   1,   1,   1
   15003.521,  1301,Finish(2), after,   3,   0,   0,   1,   1
   15010.854,  1302,  Arrival,before,   2,   0,   0,   1,   1
   15010.854,  1302,  Arrival, after,   3,   1,   0,   1,   1
   15014.278,  1303,Finish(1),before,   2,   1,   0,   1,   1
   15014.278,  1303,Finish(1), after,   3,   0,   1,   1,   1
   15020.469,  1306,Finish(1),before,   2,   0,   1,   1,   1
   15020.469,  1306,Finish(1), after,   2,   0,   2,   0,   1
   15022.311,  1304,Finish(2),before,   1,   0,   2,   0,   1
   15022.311,  1304,Finish(2), after,   2,   0,   1,   0,   1
   15023.453,  1305,  Arrival,before,   1,   0,   1,   0,   1
   15023.453,  1305,  Arrival, after,   3,   0,   1,   1,   1
   15038.561,  1307,Finish(2),before,   2,   0,   1,   1,   1
   15038.561,  1307,Finish(2), after,   3,   0,   0,   1,   1
   15042.037,  1309,Finish(1),before,   2,   0,   0,   1,   1
   15042.037,  1309,Finish(1), after,   2,   0,   1,   0,   1
   15056.971,  1310,Finish(2),before,   1,   0,   1,   0,   1
   15056.971,  1310,Finish(2), after,   2,   0,   0,   0,   1
   15074.677,  1311,Finish(2),before,   1,   0,   0,   0,   1
   15074.677,  1311,Finish(2), after,   1,   0,   0,   0,   0
   15076.288,  1308,  Arrival,before,   0,   0,   0,   0,   0
   15076.288,  1308,  Arrival, after,   2,   0,   0,   1,   0
   15095.707,  1313,Finish(1),before,   1,   0,   0,   1,   0
   15095.707,  1313,Finish(1), after,   2,   0,   0,   0,   1
   15113.795,  1314,Finish(2),before,   1,   0,   0,   0,   1
   15113.795,  1314,Finish(2), after,   1,   0,   0,   0,   0
   15121.310,  1312,  Arrival,before,   0,   0,   0,   0,   0
   15121.310,  1312,  Arrival, after,   2,   0,   0,   1,   0
   15132.264,  1316,Finish(1),before,   1,   0,   0,   1,   0
   15132.264,  1316,Finish(1), after,   2,   0,   0,   0,   1
   15149.311,  1317,Finish(2),before,   1,   0,   0,   0,   1
   15149.311,  1317,Finish(2), after,   1,   0,   0,   0,   0
   15172.969,  1315,  Arrival,before,   0,   0,   0,   0,   0
   15172.969,  1315,  Arrival, after,   2,   0,   0,   1,   0
   15176.828,  1319,Finish(1),before,   1,   0,   0,   1,   0
   15176.828,  1319,Finish(1), after,   2,   0,   0,   0,   1
   15193.633,  1320,Finish(2),before,   1,   0,   0,   0,   1
   15193.633,  1320,Finish(2), after,   1,   0,   0,   0,   0
   15228.221,  1318,  Arrival,before,   0,   0,   0,   0,   0
   15228.221,  1318,  Arrival, after,   2,   0,   0,   1,   0
   15248.604,  1322,Finish(1),before,   1,   0,   0,   1,   0
   15248.604,  1322,Finish(1), after,   2,   0,   0,   0,   1
   15264.675,  1321,  Arrival,before,   1,   0,   0,   0,   1
   15264.675,  1321,  Arrival, after,   3,   0,   0,   1,   1
   15265.902,  1323,Finish(2),before,   2,   0,   0,   1,   1
   15265.902,  1323,Finish(2), after,   2,   0,   0,   1,   0
   15279.466,  1325,Finish(1),before,   1,   0,   0,   1,   0
   15279.466,  1325,Finish(1), after,   2,   0,   0,   0,   1
   15293.501,  1326,Finish(2),before,   1,   0,   0,   0,   1
   15293.501,  1326,Finish(2), after,   1,   0,   0,   0,   0
   15315.934,  1324,  Arrival,before,   0,   0,   0,   0,   0
   15315.934,  1324,  Arrival, after,   2,   0,   0,   1,   0
   15322.220,  1328,Finish(1),before,   1,   0,   0,   1,   0
   15322.220,  1328,Finish(1), after,   2,   0,   0,   0,   1
   15338.127,  1329,Finish(2),before,   1,   0,   0,   0,   1
   15338.127,  1329,Finish(2), after,   1,   0,   0,   0,   0
   15364.298,  1327,  Arrival,before,   0,   0,   0,   0,   0
   15364.298,  1327,  Arrival, after,   2,   0,   0,   1,   0
   15368.478,  1331,Finish(1),before,   1,   0,   0,   1,   0
   15368.478,  1331,Finish(1), after,   2,   0,   0,   0,   1
   15382.760,  1330,  Arrival,before,   1,   0,   0,   0,   1
   15382.760,  1330,  Arrival, after,   3,   0,   0,   1,   1
   15385.989,  1334,Finish(1),before,   2,   0,   0,   1,   1
   15385.989,  1334,Finish(1), after,   2,   0,   1,   0,   1
   15389.308,  1332,Finish(2),before,   1,   0,   1,   0,   1
   15389.308,  1332,Finish(2), after,   2,   0,   0,   0,   1
   15407.917,  1335,Finish(2),before,   1,   0,   0,   0,   1
   15407.917,  1335,Finish(2), after,   1,   0,   0,   0,   0
   15430.462,  1333,  Arrival,before,   0,   0,   0,   0,   0
   15430.462,  1333,  Arrival, after,   2,   0,   0,   1,   0
   15434.020,  1337,Finish(1),before,   1,   0,   0,   1,   0
   15434.020,  1337,Finish(1), after,   2,   0,   0,   0,   1
   15451.795,  1336,  Arrival,before,   1,   0,   0,   0,   1
   15451.795,  1336,  Arrival, after,   3,   0,   0,   1,   1
   15454.283,  1338,Finish(2),before,   2,   0,   0,   1,   1
   15454.283,  1338,Finish(2), after,   2,   0,   0,   1,   0
   15468.485,  1340,Finish(1),before,   1,   0,   0,   1,   0
   15468.485,  1340,Finish(1), after,   2,   0,   0,   0,   1
   15488.190,  1339,  Arrival,before,   1,   0,   0,   0,   1
   15488.190,  1339,  Arrival, after,   3,   0,   0,   1,   1
   15489.740,  1341,Finish(2),before,   2,   0,   0,   1,   1
   15489.740,  1341,Finish(2), after,   2,   0,   0,   1,   0
   15495.357,  1343,Finish(1),before,   1,   0,   0,   1,   0
   15495.357,  1343,Finish(1), after,   2,   0,   0,   0,   1
   15502.175,  1342,  Arrival,before,   1,   0,   0,   0,   1
   15502.175,  1342,  Arrival, after,   3,   0,   0,   1,   1
   15509.575,  1344,Finish(2),before,   2,   0,   0,   1,   1
   15509.575,  1344,Finish(2), after,   2,   0,   0,   1,   0
   15525.029,  1346,Finish(1),before,   1,   0,   0,   1,   0
   15525.029,  1346,Finish(1), after,   2,   0,   0,   0,   1
   15536.090,  1347,Finish(2),before,   1,   0,   0,   0,   1
   15536.090,  1347,Finish(2), after,   1,   0,   0,   0,   0
   15551.702,  1345,  Arrival,before,   0,   0,   0,   0,   0
   15551.702,  1345,  Arrival, after,   2,   0,   0,   1,   0
   15569.109,  1349,Finish(1),before,   1,   0,   0,   1,   0
   15569.109,  1349,Finish(1), after,   2,   0,   0,   0,   1
   15579.715,  1350,Finish(2),before,   1,   0,   0,   0,   1
   15579.715,  1350,Finish(2), after,   1,   0,   0,   0,   0
   15588.561,  1348,  Arrival,before,   0,   0,   0,   0,   0
   15588.561,  1348,  Arrival, after,   2,   0,   0,   1,   0
   15591.477,  1352,Finish(1),before,   1,   0,   0,   1,   0
   15591.477,  1352,Finish(1), after,   2,   0,   0,   0,   1
   15603.366,  1351,  Arrival,before,   1,   0,   0,   0,   1
   15603.366,  1351,  Arrival, after,   3,   0,   0,   1,   1
   15607.606,  1355,Finish(1),before,   2,   0,   0,   1,   1
   15607.606,  1355,Finish(1), after,   2,   0,   1,   0,   1
   15612.300,  1353,Finish(2),before,   1,   0,   1,   0,   1
   15612.300,  1353,Finish(2), after,   2,   0,   0,   0,   1
   15633.244,  1356,Finish(2),before,   1,   0,   0,   0,   1
   15633.244,  1356,Finish(2), after,   1,   0,   0,   0,   0
   15644.012,  1354,  Arrival,before,   0,   0,   0,   0,   0
   15644.012,  1354,  Arrival, after,   2,   0,   0,   1,   0
   15646.624,  1358,Finish(1),before,   1,   0,   0,   1,   0
   15646.624,  1358,Finish(1), after,   2,   0,   0,   0,   1
   15666.597,  1359,Finish(2),before,   1,   0,   0,   0,   1
   15666.597,  1359,Finish(2), after,   1,   0,   0,   0,   0
   15667.660,  1357,  Arrival,before,   0,   0,   0,   0,   0
   15667.660,  1357,  Arrival, after,   2,   0,   0,   1,   0
   15670.738,  1361,Finish(1),before,   1,   0,   0,   1,   0
   15670.738,  1361,Finish(1), after,   2,   0,   0,   0,   1
   15683.135,  1362,Finish(2),before,   1,   0,   0,   0,   1
   15683.135,  1362,Finish(2), after,   1,   0,   0,   0,   0
   15687.603,  1360,  Arrival,before,   0,   0,   0,   0,   0
   15687.603,  1360,  Arrival, after,   2,   0,   0,   1,   0
   15692.560,  1364,Finish(1),before,   1,   0,   0,   1,   0
   15692.560,  1364,Finish(1), after,   2,   0,   0,   0,   1
   15708.276,  1363,  Arrival,before,   1,   0,   0,   0,   1
   15708.276,  1363,  Arrival, after,   3,   0,   0,   1,   1
   15710.108,  1365,Finish(2),before,   2,   0,   0,   1,   1
   15710.108,  1365,Finish(2), after,   2,   0,   0,   1,   0
   15720.841,  1367,Finish(1),before,   1,   0,   0,   1,   0
   15720.841,  1367,Finish(1), after,   2,   0,   0,   0,   1
   15723.901,  1366,  Arrival,before,   1,   0,   0,   0,   1
   15723.901,  1366,  Arrival, after,   3,   0,   0,   1,   1
   15740.412,  1368,Finish(2),before,   2,   0,   0,   1,   1
   15740.412,  1368,Finish(2), after,   2,   0,   0,   1,   0
   15768.126,  1370,Finish(1),before,   1,   0,   0,   1,   0
   15768.126,  1370,Finish(1), after,   2,   0,   0,   0,   1
   15776.306,  1369,  Arrival,before,   1,   0,   0,   0,   1
   15776.306,  1369,  Arrival, after,   3,   0,   0,   1,   1
   15786.541,  1371,Finish(2),before,   2,   0,   0,   1,   1
   15786.541,  1371,Finish(2), after,   2,   0,   0,   1,   0
   15791.871,  1373,Finish(1),before,   1,   0,   0,   1,   0
   15791.871,  1373,Finish(1), after,   2,   0,   0,   0,   1
   15804.170,  1374,Finish(2),before,   1,   0,   0,   0,   1
   15804.170,  1374,Finish(2), after,   1,   0,   0,   0,   0
   15812.149,  1372,  Arrival,before,   0,   0,   0,   0,   0
   15812.149,  1372,  Arrival, after,   2,   0,   0,   1,   0
   15828.126,  1376,Finish(1),before,   1,   0,   0,   1,   0
   15828.126,  1376,Finish(1), after,   2,   0,   0,   0,   1
   15839.416,  1375,  Arrival,before,   1,   0,   0,   0,   1
   15839.416,  1375,  Arrival, after,   3,   0,   0,   1,   1
   15840.348,  1379,Finish(1),before,   2,   0,   0,   1,   1
   15840.348,  1379,Finish(1), after,   2,   0,   1,   0,   1
   15844.329,  1377,Finish(2),before,   1,   0,   1,   0,   1
   15844.329,  1377,Finish(2), after,   2,   0,   0,   0,   1
   15859.132,  1380,Finish(2),before,   1,   0,   0,   0,   1
   15859.132,  1380,Finish(2), after,   1,   0,   0,   0,   0
   15877.802,  1378,  Arrival,before,   0,   0,   0,   0,   0
   15877.802,  1378,  Arrival, after,   2,   0,   0,   1,   0
   15881.196,  1382,Finish(1),before,   1,   0,   0,   1,   0
   15881.196,  1382,Finish(1), after,   2,   0,   0,   0,   1
   15898.333,  1383,Finish(2),before,   1,   0,   0,   0,   1
   15898.333,  1383,Finish(2), after,   1,   0,   0,   0,   0
   15910.760,  1381,  Arrival,before,   0,   0,   0,   0,   0
   15910.760,  1381,  Arrival, after,   2,   0,   0,   1,   0
   15919.955,  1385,Finish(1),before,   1,   0,   0,   1,   0
   15919.955,  1385,Finish(1), after,   2,   0,   0,   0,   1
   15922.548,  1384,  Arrival,before,   1,   0,   0,   0,   1
   15922.548,  1384,  Arrival, after,   3,   0,   0,   1,   1
   15923.382,  1388,Finish(1),before,   2,   0,   0,   1,   1
   15923.382,  1388,Finish(1), after,   2,   0,   1,   0,   1
   15933.850,  1386,Finish(2),before,   1,   0,   1,   0,   1
   15933.850,  1386,Finish(2), after,   2,   0,   0,   0,   1
   15943.445,  1389,Finish(2),before,   1,   0,   0,   0,   1
   15943.445,  1389,Finish(2), after,   1,   0,   0,   0,   0
   15944.872,  1387,  Arrival,before,   0,   0,   0,   0,   0
   15944.872,  1387,  Arrival, after,   2,   0,   0,   1,   0
   15948.468,  1391,Finish(1),before,   1,   0,   0,   1,   0
   15948.468,  1391,Finish(1), after,   2,   0,   0,   0,   1
   15965.585,  1392,Finish(2),before,   1,   0,   0,   0,   1
   15965.585,  1392,Finish(2), after,   1,   0,   0,   0,   0
   15993.183,  1390,  Arrival,before,   0,   0,   0,   0,   0
   15993.183,  1390,  Arrival, after,   2,   0,   0,   1,   0
   16007.373,  1394,Finish(1),before,   1,   0,   0,   1,   0
   16007.373,  1394,Finish(1), after,   2,   0,   0,   0,   1
   16014.423,  1395,Finish(2),before,   1,   0,   0,   0,   1
   16014.423,  1395,Finish(2), after,   1,   0,   0,   0,   0
   16028.181,  1393,  Arrival,before,   0,   0,   0,   0,   0
   16028.181,  1393,  Arrival, after,   2,   0,   0,   1,   0
   16029.419,  1397,Finish(1),before,   1,   0,   0,   1,   0
   16029.419,  1397,Finish(1), after,   2,   0,   0,   0,   1
   16043.118,  1398,Finish(2),before,   1,   0,   0,   0,   1
   16043.118,  1398,Finish(2), after,   1,   0,   0,   0,   0
   16055.390,  1396,  Arrival,before,   0,   0,   0,   0,   0
   16055.390,  1396,  Arrival, after,   2,   0,   0,   1,   0
   16057.227,  1400,Finish(1),before,   1,   0,   0,   1,   0
   16057.227,  1400,Finish(1), after,   2,   0,   0,   0,   1
   16072.718,  1401,Finish(2),before,   1,   0,   0,   0,   1
   16072.718,  1401,Finish(2), after,   1,   0,   0,   0,   0
   16074.100,  1399,  Arrival,before,   0,   0,   0,   0,   0
   16074.100,  1399,  Arrival, after,   2,   0,   0,   1,   0
   16080.427,  1403,Finish(1),before,   1,   0,   0,   1,   0
   16080.427,  1403,Finish(1), after,   2,   0,   0,   0,   1
   16093.916,  1404,Finish(2),before,   1,   0,   0,   0,   1
   16093.916,  1404,Finish(2), after,   1,   0,   0,   0,   0
   16094.212,  1402,  Arrival,before,   0,   0,   0,   0,   0
   16094.212,  1402,  Arrival, after,   2,   0,   0,   1,   0
   16098.917,  1406,Finish(1),before,   1,   0,   0,   1,   0
   16098.917,  1406,Finish(1), after,   2,   0,   0,   0,   1
   16114.939,  1407,Finish(2),before,   1,   0,   0,   0,   1
   16114.939,  1407,Finish(2), after,   1,   0,   0,   0,   0
   16117.331,  1405,  Arrival,before,   0,   0,   0,   0,   0
   16117.331,  1405,  Arrival, after,   2,   0,   0,   1,   0
   16132.383,  1409,Finish(1),before,   1,   0,   0,   1,   0
   16132.383,  1409,Finish(1), after,   2,   0,   0,   0,   1
   16146.341,  1410,Finish(2),before,   1,   0,   0,   0,   1
   16146.341,  1410,Finish(2), after,   1,   0,   0,   0,   0
   16147.149,  1408,  Arrival,before,   0,   0,   0,   0,   0
   16147.149,  1408,  Arrival, after,   2,   0,   0,   1,   0
   16172.313,  1411,  Arrival,before,   1,   0,   0,   1,   0
   16172.313,  1411,  Arrival, after,   2,   1,   0,   1,   0
   16182.628,  1412,Finish(1),before,   1,   1,   0,   1,   0
   16182.628,  1412,Finish(1), after,   3,   0,   0,   1,   1
   16195.721,  1414,Finish(1),before,   2,   0,   0,   1,   1
   16195.721,  1414,Finish(1), after,   2,   0,   1,   0,   1
   16203.036,  1415,Finish(2),before,   1,   0,   1,   0,   1
   16203.036,  1415,Finish(2), after,   2,   0,   0,   0,   1
   16215.885,  1413,  Arrival,before,   1,   0,   0,   0,   1
   16215.885,  1413,  Arrival, after,   3,   0,   0,   1,   1
   16221.020,  1416,Finish(2),before,   2,   0,   0,   1,   1
   16221.020,  1416,Finish(2), after,   2,   0,   0,   1,   0
   16231.225,  1418,Finish(1),before,   1,   0,   0,   1,   0
   16231.225,  1418,Finish(1), after,   2,   0,   0,   0,   1
   16246.150,  1419,Finish(2),before,   1,   0,   0,   0,   1
   16246.150,  1419,Finish(2), after,   1,   0,   0,   0,   0
   16265.478,  1417,  Arrival,before,   0,   0,   0,   0,   0
   16265.478,  1417,  Arrival, after,   2,   0,   0,   1,   0
   16280.241,  1421,Finish(1),before,   1,   0,   0,   1,   0
   16280.241,  1421,Finish(1), after,   2,   0,   0,   0,   1
   16294.784,  1422,Finish(2),before,   1,   0,   0,   0,   1
   16294.784,  1422,Finish(2), after,   1,   0,   0,   0,   0
   16324.425,  1420,  Arrival,before,   0,   0,   0,   0,   0
   16324.425,  1420,  Arrival, after,   2,   0,   0,   1,   0
   16337.437,  1424,Finish(1),before,   1,   0,   0,   1,   0
   16337.437,  1424,Finish(1), after,   2,   0,   0,   0,   1
   16352.855,  1425,Finish(2),before,   1,   0,   0,   0,   1
   16352.855,  1425,Finish(2), after,   1,   0,   0,   0,   0
   16370.220,  1423,  Arrival,before,   0,   0,   0,   0,   0
   16370.220,  1423,  Arrival, after,   2,   0,   0,   1,   0
   16405.754,  1427,Finish(1),before,   1,   0,   0,   1,   0
   16405.754,  1427,Finish(1), after,   2,   0,   0,   0,   1
   16409.560,  1426,  Arrival,before,   1,   0,   0,   0,   1
   16409.560,  1426,  Arrival, after,   3,   0,   0,   1,   1
   16415.021,  1430,Finish(1),before,   2,   0,   0,   1,   1
   16415.021,  1430,Finish(1), after,   2,   0,   1,   0,   1
   16420.458,  1428,Finish(2),before,   1,   0,   1,   0,   1
   16420.458,  1428,Finish(2), after,   2,   0,   0,   0,   1
   16433.577,  1431,Finish(2),before,   1,   0,   0,   0,   1
   16433.577,  1431,Finish(2), after,   1,   0,   0,   0,   0
   16451.769,  1429,  Arrival,before,   0,   0,   0,   0,   0
   16451.769,  1429,  Arrival, after,   2,   0,   0,   1,   0
   16465.368,  1433,Finish(1),before,   1,   0,   0,   1,   0
   16465.368,  1433,Finish(1), after,   2,   0,   0,   0,   1
   16482.934,  1434,Finish(2),before,   1,   0,   0,   0,   1
   16482.934,  1434,Finish(2), after,   1,   0,   0,   0,   0
   16500.088,  1432,  Arrival,before,   0,   0,   0,   0,   0
   16500.088,  1432,  Arrival, after,   2,   0,   0,   1,   0
   16534.727,  1436,Finish(1),before,   1,   0,   0,   1,   0
   16534.727,  1436,Finish(1), after,   2,   0,   0,   0,   1
   16538.463,  1435,  Arrival,before,   1,   0,   0,   0,   1
   16538.463,  1435,  Arrival, after,   3,   0,   0,   1,   1
   16540.071,  1439,Finish(1),before,   2,   0,   0,   1,   1
   16540.071,  1439,Finish(1), after,   2,   0,   1,   0,   1
   16546.410,  1437,Finish(2),before,   1,   0,   1,   0,   1
   16546.410,  1437,Finish(2), after,   2,   0,   0,   0,   1
   16563.610,  1440,Finish(2),before,   1,   0,   0,   0,   1
   16563.610,  1440,Finish(2), after,   1,   0,   0,   0,   0
   16564.355,  1438,  Arrival,before,   0,   0,   0,   0,   0
   16564.355,  1438,  Arrival, after,   2,   0,   0,   1,   0
   16575.278,  1442,Finish(1),before,   1,   0,   0,   1,   0
   16575.278,  1442,Finish(1), after,   2,   0,   0,   0,   1
   16591.811,  1443,Finish(2),before,   1,   0,   0,   0,   1
   16591.811,  1443,Finish(2), after,   1,   0,   0,   0,   0
   16604.943,  1441,  Arrival,before,   0,   0,   0,   0,   0
   16604.943,  1441,  Arrival, after,   2,   0,   0,   1,   0
   16625.583,  1445,Finish(1),before,   1,   0,   0,   1,   0
   16625.583,  1445,Finish(1), after,   2,   0,   0,   0,   1
   16637.154,  1446,Finish(2),before,   1,   0,   0,   0,   1
   16637.154,  1446,Finish(2), after,   1,   0,   0,   0,   0
   16652.037,  1444,  Arrival,before,   0,   0,   0,   0,   0
   16652.037,  1444,  Arrival, after,   2,   0,   0,   1,   0
   16674.531,  1448,Finish(1),before,   1,   0,   0,   1,   0
   16674.531,  1448,Finish(1), after,   2,   0,   0,   0,   1
   16675.757,  1447,  Arrival,before,   1,   0,   0,   0,   1
   16675.757,  1447,  Arrival, after,   3,   0,   0,   1,   1
   16686.062,  1449,Finish(2),before,   2,   0,   0,   1,   1
   16686.062,  1449,Finish(2), after,   2,   0,   0,   1,   0
   16690.214,  1451,Finish(1),before,   1,   0,   0,   1,   0
   16690.214,  1451,Finish(1), after,   2,   0,   0,   0,   1
   16704.030,  1452,Finish(2),before,   1,   0,   0,   0,   1
   16704.030,  1452,Finish(2), after,   1,   0,   0,   0,   0
   16733.850,  1450,  Arrival,before,   0,   0,   0,   0,   0
   16733.850,  1450,  Arrival, after,   2,   0,   0,   1,   0
   16735.259,  1454,Finish(1),before,   1,   0,   0,   1,   0
   16735.259,  1454,Finish(1), after,   2,   0,   0,   0,   1
   16755.492,  1455,Finish(2),before,   1,   0,   0,   0,   1
   16755.492,  1455,Finish(2), after,   1,   0,   0,   0,   0
   16783.111,  1453,  Arrival,before,   0,   0,   0,   0,   0
   16783.111,  1453,  Arrival, after,   2,   0,   0,   1,   0
   16816.448,  1457,Finish(1),before,   1,   0,   0,   1,   0
   16816.448,  1457,Finish(1), after,   2,   0,   0,   0,   1
   16830.616,  1456,  Arrival,before,   1,   0,   0,   0,   1
   16830.616,  1456,  Arrival, after,   3,   0,   0,   1,   1
   16832.528,  1458,Finish(2),before,   2,   0,   0,   1,   1
   16832.528,  1458,Finish(2), after,   2,   0,   0,   1,   0
   16839.836,  1460,Finish(1),before,   1,   0,   0,   1,   0
   16839.836,  1460,Finish(1), after,   2,   0,   0,   0,   1
   16859.286,  1461,Finish(2),before,   1,   0,   0,   0,   1
   16859.286,  1461,Finish(2), after,   1,   0,   0,   0,   0
   16863.982,  1459,  Arrival,before,   0,   0,   0,   0,   0
   16863.982,  1459,  Arrival, after,   2,   0,   0,   1,   0
   16864.343,  1463,Finish(1),before,   1,   0,   0,   1,   0
   16864.343,  1463,Finish(1), after,   2,   0,   0,   0,   1
   16884.630,  1462,  Arrival,before,   1,   0,   0,   0,   1
   16884.630,  1462,  Arrival, after,   3,   0,   0,   1,   1
   16885.347,  1464,Finish(2),before,   2,   0,   0,   1,   1
   16885.347,  1464,Finish(2), after,   2,   0,   0,   1,   0
   16885.985,  1466,Finish(1),before,   1,   0,   0,   1,   0
   16885.985,  1466,Finish(1), after,   2,   0,   0,   0,   1
   16902.641,  1465,  Arrival,before,   1,   0,   0,   0,   1
   16902.641,  1465,  Arrival, after,   3,   0,   0,   1,   1
   16903.606,  1467,Finish(2),before,   2,   0,   0,   1,   1
   16903.606,  1467,Finish(2), after,   2,   0,   0,   1,   0
   16904.632,  1469,Finish(1),before,   1,   0,   0,   1,   0
   16904.632,  1469,Finish(1), after,   2,   0,   0,   0,   1
   16916.050,  1468,  Arrival,before,   1,   0,   0,   0,   1
   16916.050,  1468,  Arrival, after,   3,   0,   0,   1,   1
   16916.585,  1470,Finish(2),before,   2,   0,   0,   1,   1
   16916.585,  1470,Finish(2), after,   2,   0,   0,   1,   0
   16930.139,  1472,Finish(1),before,   1,   0,   0,   1,   0
   16930.139,  1472,Finish(1), after,   2,   0,   0,   0,   1
   16947.207,  1473,Finish(2),before,   1,   0,   0,   0,   1
   16947.207,  1473,Finish(2), after,   1,   0,   0,   0,   0
   16960.510,  1471,  Arrival,before,   0,   0,   0,   0,   0
   16960.510,  1471,  Arrival, after,   2,   0,   0,   1,   0
   16970.798,  1475,Finish(1),before,   1,   0,   0,   1,   0
   16970.798,  1475,Finish(1), after,   2,   0,   0,   0,   1
   16985.516,  1476,Finish(2),before,   1,   0,   0,   0,   1
   16985.516,  1476,Finish(2), after,   1,   0,   0,   0,   0
   17017.982,  1474,  Arrival,before,   0,   0,   0,   0,   0
   17017.982,  1474,  Arrival, after,   2,   0,   0,   1,   0
   17019.281,  1478,Finish(1),before,   1,   0,   0,   1,   0
   17019.281,  1478,Finish(1), after,   2,   0,   0,   0,   1
   17033.622,  1479,Finish(2),before,   1,   0,   0,   0,   1
   17033.622,  1479,Finish(2), after,   1,   0,   0,   0,   0
   17062.563,  1477,  Arrival,before,   0,   0,   0,   0,   0
   17062.563,  1477,  Arrival, after,   2,   0,   0,   1,   0
   17069.287,  1481,Finish(1),before,   1,   0,   0,   1,   0
   17069.287,  1481,Finish(1), after,   2,   0,   0,   0,   1
   17081.835,  1482,Finish(2),before,   1,   0,   0,   0,   1
   17081.835,  1482,Finish(2), after,   1,   0,   0,   0,   0
   17095.099,  1480,  Arrival,before,   0,   0,   0,   0,   0
   17095.099,  1480,  Arrival, after,   2,   0,   0,   1,   0
   17112.097,  1484,Finish(1),before,   1,   0,   0,   1,   0
   17112.097,  1484,Finish(1), after,   2,   0,   0,   0,   1
   17123.087,  1483,  Arrival,before,   1,   0,   0,   0,   1
   17123.087,  1483,  Arrival, after,   3,   0,   0,   1,   1
   17125.290,  1485,Finish(2),before,   2,   0,   0,   1,   1
   17125.290,  1485,Finish(2), after,   2,   0,   0,   1,   0
   17127.996,  1487,Finish(1),before,   1,   0,   0,   1,   0
   17127.996,  1487,Finish(1), after,   2,   0,   0,   0,   1
   17141.531,  1488,Finish(2),before,   1,   0,   0,   0,   1
   17141.531,  1488,Finish(2), after,   1,   0,   0,   0,   0
   17176.048,  1486,  Arrival,before,   0,   0,   0,   0,   0
   17176.048,  1486,  Arrival, after,   2,   0,   0,   1,   0
   17178.531,  1490,Finish(1),before,   1,   0,   0,   1,   0
   17178.531,  1490,Finish(1), after,   2,   0,   0,   0,   1
   17189.331,  1489,  Arrival,before,   1,   0,   0,   0,   1
   17189.331,  1489,  Arrival, after,   3,   0,   0,   1,   1
   17194.930,  1491,Finish(2),before,   2,   0,   0,   1,   1
   17194.930,  1491,Finish(2), after,   2,   0,   0,   1,   0
   17196.145,  1493,Finish(1),before,   1,   0,   0,   1,   0
   17196.145,  1493,Finish(1), after,   2,   0,   0,   0,   1
   17216.884,  1494,Finish(2),before,   1,   0,   0,   0,   1
   17216.884,  1494,Finish(2), after,   1,   0,   0,   0,   0
   17228.913,  1492,  Arrival,before,   0,   0,   0,   0,   0
   17228.913,  1492,  Arrival, after,   2,   0,   0,   1,   0
   17231.161,  1496,Finish(1),before,   1,   0,   0,   1,   0
   17231.161,  1496,Finish(1), after,   2,   0,   0,   0,   1
   17248.363,  1497,Finish(2),before,   1,   0,   0,   0,   1
   17248.363,  1497,Finish(2), after,   1,   0,   0,   0,   0
   17269.398,  1495,  Arrival,before,   0,   0,   0,   0,   0
   17269.398,  1495,  Arrival, after,   2,   0,   0,   1,   0
   17277.318,  1499,Finish(1),before,   1,   0,   0,   1,   0
   17277.318,  1499,Finish(1), after,   2,   0,   0,   0,   1
   17292.339,  1500,Finish(2),before,   1,   0,   0,   0,   1
   17292.339,  1500,Finish(2), after,   1,   0,   0,   0,   0
   17324.080,  1498,  Arrival,before,   0,   0,   0,   0,   0
   17324.080,  1498,  Arrival, after,   2,   0,   0,   1,   0
   17342.088,  1502,Finish(1),before,   1,   0,   0,   1,   0
   17342.088,  1502,Finish(1), after,   2,   0,   0,   0,   1
   17359.550,  1503,Finish(2),before,   1,   0,   0,   0,   1
   17359.550,  1503,Finish(2), after,   1,   0,   0,   0,   0
   17381.360,  1501,  Arrival,before,   0,   0,   0,   0,   0
   17381.360,  1501,  Arrival, after,   2,   0,   0,   1,   0
   17384.526,  1505,Finish(1),before,   1,   0,   0,   1,   0
   17384.526,  1505,Finish(1), after,   2,   0,   0,   0,   1
   17398.089,  1504,  Arrival,before,   1,   0,   0,   0,   1
   17398.089,  1504,  Arrival, after,   3,   0,   0,   1,   1
   17403.548,  1506,Finish(2),before,   2,   0,   0,   1,   1
   17403.548,  1506,Finish(2), after,   2,   0,   0,   1,   0
   17405.449,  1508,Finish(1),before,   1,   0,   0,   1,   0
   17405.449,  1508,Finish(1), after,   2,   0,   0,   0,   1
   17413.338,  1507,  Arrival,before,   1,   0,   0,   0,   1
   17413.338,  1507,  Arrival, after,   3,   0,   0,   1,   1
   17417.937,  1511,Finish(1),before,   2,   0,   0,   1,   1
   17417.937,  1511,Finish(1), after,   2,   0,   1,   0,   1
   17420.435,  1509,Finish(2),before,   1,   0,   1,   0,   1
   17420.435,  1509,Finish(2), after,   2,   0,   0,   0,   1
   17431.970,  1510,  Arrival,before,   1,   0,   0,   0,   1
   17431.970,  1510,  Arrival, after,   3,   0,   0,   1,   1
   17437.447,  1512,Finish(2),before,   2,   0,   0,   1,   1
   17437.447,  1512,Finish(2), after,   2,   0,   0,   1,   0
   17471.111,  1514,Finish(1),before,   1,   0,   0,   1,   0
   17471.111,  1514,Finish(1), after,   2,   0,   0,   0,   1
   17481.320,  1513,  Arrival,before,   1,   0,   0,   0,   1
   17481.320,  1513,  Arrival, after,   3,   0,   0,   1,   1
   17487.134,  1515,Finish(2),before,   2,   0,   0,   1,   1
   17487.134,  1515,Finish(2), after,   2,   0,   0,   1,   0
   17513.333,  1517,Finish(1),before,   1,   0,   0,   1,   0
   17513.333,  1517,Finish(1), after,   2,   0,   0,   0,   1
   17523.897,  1516,  Arrival,before,   1,   0,   0,   0,   1
   17523.897,  1516,  Arrival, after,   3,   0,   0,   1,   1
   17528.729,  1518,Finish(2),before,   2,   0,   0,   1,   1
   17528.729,  1518,Finish(2), after,   2,   0,   0,   1,   0
   17535.026,  1520,Finish(1),before,   1,   0,   0,   1,   0
   17535.026,  1520,Finish(1), after,   2,   0,   0,   0,   1
   17554.467,  1521,Finish(2),before,   1,   0,   0,   0,   1
   17554.467,  1521,Finish(2), after,   1,   0,   0,   0,   0
   17572.305,  1519,  Arrival,before,   0,   0,   0,   0,   0
   17572.305,  1519,  Arrival, after,   2,   0,   0,   1,   0
   17573.192,  1523,Finish(1),before,   1,   0,   0,   1,   0
   17573.192,  1523,Finish(1), after,   2,   0,   0,   0,   1
   17587.933,  1522,  Arrival,before,   1,   0,   0,   0,   1
   17587.933,  1522,  Arrival, after,   3,   0,   0,   1,   1
   17589.924,  1524,Finish(2),before,   2,   0,   0,   1,   1
   17589.924,  1524,Finish(2), after,   2,   0,   0,   1,   0
   17606.919,  1526,Finish(1),before,   1,   0,   0,   1,   0
   17606.919,  1526,Finish(1), after,   2,   0,   0,   0,   1
   17609.178,  1525,  Arrival,before,   1,   0,   0,   0,   1
   17609.178,  1525,  Arrival, after,   3,   0,   0,   1,   1
   17611.237,  1529,Finish(1),before,   2,   0,   0,   1,   1
   17611.237,  1529,Finish(1), after,   2,   0,   1,   0,   1
   17626.338,  1527,Finish(2),before,   1,   0,   1,   0,   1
   17626.338,  1527,Finish(2), after,   2,   0,   0,   0,   1
   17643.419,  1530,Finish(2),before,   1,   0,   0,   0,   1
   17643.419,  1530,Finish(2), after,   1,   0,   0,   0,   0
   17655.089,  1528,  Arrival,before,   0,   0,   0,   0,   0
   17655.089,  1528,  Arrival, after,   2,   0,   0,   1,   0
   17662.152,  1532,Finish(1),before,   1,   0,   0,   1,   0
   17662.152,  1532,Finish(1), after,   2,   0,   0,   0,   1
   17681.567,  1533,Finish(2),before,   1,   0,   0,   0,   1
   17681.567,  1533,Finish(2), after,   1,   0,   0,   0,   0
   17701.644,  1531,  Arrival,before,   0,   0,   0,   0,   0
   17701.644,  1531,  Arrival, after,   2,   0,   0,   1,   0
   17712.594,  1535,Finish(1),before,   1,   0,   0,   1,   0
   17712.594,  1535,Finish(1), after,   2,   0,   0,   0,   1
   17727.710,  1536,Finish(2),before,   1,   0,   0,   0,   1
   17727.710,  1536,Finish(2), after,   1,   0,   0,   0,   0
   17759.389,  1534,  Arrival,before,   0,   0,   0,   0,   0
   17759.389,  1534,  Arrival, after,   2,   0,   0,   1,   0
   17769.464,  1538,Finish(1),before,   1,   0,   0,   1,   0
   17769.464,  1538,Finish(1), after,   2,   0,   0,   0,   1
   17788.517,  1539,Finish(2),before,   1,   0,   0,   0,   1
   17788.517,  1539,Finish(2), after,   1,   0,   0,   0,   0
   17806.671,  1537,  Arrival,before,   0,   0,   0,   0,   0
   17806.671,  1537,  Arrival, after,   2,   0,   0,   1,   0
   17820.331,  1541,Finish(1),before,   1,   0,   0,   1,   0
   17820.331,  1541,Finish(1), after,   2,   0,   0,   0,   1
   17837.648,  1542,Finish(2),before,   1,   0,   0,   0,   1
   17837.648,  1542,Finish(2), after,   1,   0,   0,   0,   0
   17852.519,  1540,  Arrival,before,   0,   0,   0,   0,   0
   17852.519,  1540,  Arrival, after,   2,   0,   0,   1,   0
   17855.918,  1544,Finish(1),before,   1,   0,   0,   1,   0
   17855.918,  1544,Finish(1), after,   2,   0,   0,   0,   1
   17866.517,  1545,Finish(2),before,   1,   0,   0,   0,   1
   17866.517,  1545,Finish(2), after,   1,   0,   0,   0,   0
   17894.805,  1543,  Arrival,before,   0,   0,   0,   0,   0
   17894.805,  1543,  Arrival, after,   2,   0,   0,   1,   0
   17895.044,  1547,Finish(1),before,   1,   0,   0,   1,   0
   17895.044,  1547,Finish(1), after,   2,   0,   0,   0,   1
   17910.050,  1548,Finish(2),before,   1,   0,   0,   0,   1
   17910.050,  1548,Finish(2), after,   1,   0,   0,   0,   0
   17914.108,  1546,  Arrival,before,   0,   0,   0,   0,   0
   17914.108,  1546,  Arrival, after,   2,   0,   0,   1,   0
   17934.465,  1550,Finish(1),before,   1,   0,   0,   1,   0
   17934.465,  1550,Finish(1), after,   2,   0,   0,   0,   1
   17937.159,  1549,  Arrival,before,   1,   0,   0,   0,   1
   17937.159,  1549,  Arrival, after,   3,   0,   0,   1,   1
   17941.211,  1553,Finish(1),before,   2,   0,   0,   1,   1
   17941.211,  1553,Finish(1), after,   2,   0,   1,   0,   1
   17946.774,  1551,Finish(2),before,   1,   0,   1,   0,   1
   17946.774,  1551,Finish(2), after,   2,   0,   0,   0,   1
   17961.864,  1554,Finish(2),before,   1,   0,   0,   0,   1
   17961.864,  1554,Finish(2), after,   1,   0,   0,   0,   0
   17988.865,  1552,  Arrival,before,   0,   0,   0,   0,   0
   17988.865,  1552,  Arrival, after,   2,   0,   0,   1,   0
   17997.716,  1556,Finish(1),before,   1,   0,   0,   1,   0
   17997.716,  1556,Finish(1), after,   2,   0,   0,   0,   1
   18013.274,  1557,Finish(2),before,   1,   0,   0,   0,   1
   18013.274,  1557,Finish(2), after,   1,   0,   0,   0,   0
   18022.632,  1555,  Arrival,before,   0,   0,   0,   0,   0
   18022.632,  1555,  Arrival, after,   2,   0,   0,   1,   0
   18024.830,  1559,Finish(1),before,   1,   0,   0,   1,   0
   18024.830,  1559,Finish(1), after,   2,   0,   0,   0,   1
   18037.255,  1560,Finish(2),before,   1,   0,   0,   0,   1
   18037.255,  1560,Finish(2), after,   1,   0,   0,   0,   0
   18057.049,  1558,  Arrival,before,   0,   0,   0,   0,   0
   18057.049,  1558,  Arrival, after,   2,   0,   0,   1,   0
   18078.072,  1562,Finish(1),before,   1,   0,   0,   1,   0
   18078.072,  1562,Finish(1), after,   2,   0,   0,   0,   1
   18095.781,  1563,Finish(2),before,   1,   0,   0,   0,   1
   18095.781,  1563,Finish(2), after,   1,   0,   0,   0,   0
   18115.211,  1561,  Arrival,before,   0,   0,   0,   0,   0
   18115.211,  1561,  Arrival, after,   2,   0,   0,   1,   0
   18123.015,  1565,Finish(1),before,   1,   0,   0,   1,   0
   18123.015,  1565,Finish(1), after,   2,   0,   0,   0,   1
   18131.632,  1564,  Arrival,before,   1,   0,   0,   0,   1
   18131.632,  1564,  Arrival, after,   3,   0,   0,   1,   1
   18144.031,  1566,Finish(2),before,   2,   0,   0,   1,   1
   18144.031,  1566,Finish(2), after,   2,   0,   0,   1,   0
   18174.651,  1568,Finish(1),before,   1,   0,   0,   1,   0
   18174.651,  1568,Finish(1), after,   2,   0,   0,   0,   1
   18177.435,  1567,  Arrival,before,   1,   0,   0,   0,   1
   18177.435,  1567,  Arrival, after,   3,   0,   0,   1,   1
   18188.421,  1569,Finish(2),before,   2,   0,   0,   1,   1
   18188.421,  1569,Finish(2), after,   2,   0,   0,   1,   0
   18192.604,  1570,  Arrival,before,   1,   0,   0,   1,   0
   18192.604,  1570,  Arrival, after,   2,   1,   0,   1,   0
   18213.646,  1572,  Arrival,before,   1,   1,   0,   1,   0
   18213.646,  1572,  Arrival, after,   2,   2,   0,   1,   0
   18220.178,  1571,Finish(1),before,   1,   2,   0,   1,   0
   18220.178,  1571,Finish(1), after,   3,   1,   0,   1,   1
   18228.907,  1574,Finish(1),before,   2,   1,   0,   1,   1
   18228.907,  1574,Finish(1), after,   3,   0,   1,   1,   1
   18234.275,  1576,Finish(1),before,   2,   0,   1,   1,   1
   18234.275,  1576,Finish(1), after,   2,   0,   2,   0,   1
   18237.076,  1575,Finish(2),before,   1,   0,   2,   0,   1
   18237.076,  1575,Finish(2), after,   2,   0,   1,   0,   1
   18254.485,  1577,Finish(2),before,   1,   0,   1,   0,   1
   18254.485,  1577,Finish(2), after,   2,   0,   0,   0,   1
   18266.327,  1573,  Arrival,before,   1,   0,   0,   0,   1
   18266.327,  1573,  Arrival, after,   3,   0,   0,   1,   1
   18268.790,  1580,Finish(1),before,   2,   0,   0,   1,   1
   18268.790,  1580,Finish(1), after,   2,   0,   1,   0,   1
   18272.805,  1578,Finish(2),before,   1,   0,   1,   0,   1
   18272.805,  1578,Finish(2), after,   2,   0,   0,   0,   1
   18284.441,  1579,  Arrival,before,   1,   0,   0,   0,   1
   18284.441,  1579,  Arrival, after,   3,   0,   0,   1,   1
   18284.995,  1583,Finish(1),before,   2,   0,   0,   1,   1
   18284.995,  1583,Finish(1), after,   2,   0,   1,   0,   1
   18288.084,  1581,Finish(2),before,   1,   0,   1,   0,   1
   18288.084,  1581,Finish(2), after,   2,   0,   0,   0,   1
   18303.847,  1582,  Arrival,before,   1,   0,   0,   0,   1
   18303.847,  1582,  Arrival, after,   3,   0,   0,   1,   1
   18307.125,  1584,Finish(2),before,   2,   0,   0,   1,   1
   18307.125,  1584,Finish(2), after,   2,   0,   0,   1,   0
   18316.678,  1586,Finish(1),before,   1,   0,   0,   1,   0
   18316.678,  1586,Finish(1), after,   2,   0,   0,   0,   1
   18333.239,  1587,Finish(2),before,   1,   0,   0,   0,   1
   18333.239,  1587,Finish(2), after,   1,   0,   0,   0,   0
   18346.980,  1585,  Arrival,before,   0,   0,   0,   0,   0
   18346.980,  1585,  Arrival, after,   2,   0,   0,   1,   0
   18348.918,  1589,Finish(1),before,   1,   0,   0,   1,   0
   18348.918,  1589,Finish(1), after,   2,   0,   0,   0,   1
   18365.059,  1590,Finish(2),before,   1,   0,   0,   0,   1
   18365.059,  1590,Finish(2), after,   1,   0,   0,   0,   0
   18386.686,  1588,  Arrival,before,   0,   0,   0,   0,   0
   18386.686,  1588,  Arrival, after,   2,   0,   0,   1,   0
   18404.460,  1592,Finish(1),before,   1,   0,   0,   1,   0
   18404.460,  1592,Finish(1), after,   2,   0,   0,   0,   1
   18421.056,  1593,Finish(2),before,   1,   0,   0,   0,   1
   18421.056,  1593,Finish(2), after,   1,   0,   0,   0,   0
   18429.620,  1591,  Arrival,before,   0,   0,   0,   0,   0
   18429.620,  1591,  Arrival, after,   2,   0,   0,   1,   0
   18431.954,  1595,Finish(1),before,   1,   0,   0,   1,   0
   18431.954,  1595,Finish(1), after,   2,   0,   0,   0,   1
   18442.857,  1596,Finish(2),before,   1,   0,   0,   0,   1
   18442.857,  1596,Finish(2), after,   1,   0,   0,   0,   0
   18479.265,  1594,  Arrival,before,   0,   0,   0,   0,   0
   18479.265,  1594,  Arrival, after,   2,   0,   0,   1,   0
   18480.456,  1598,Finish(1),before,   1,   0,   0,   1,   0
   18480.456,  1598,Finish(1), after,   2,   0,   0,   0,   1
   18495.337,  1599,Finish(2),before,   1,   0,   0,   0,   1
   18495.337,  1599,Finish(2), after,   1,   0,   0,   0,   0
   18521.459,  1597,  Arrival,before,   0,   0,   0,   0,   0
   18521.459,  1597,  Arrival, after,   2,   0,   0,   1,   0
   18527.997,  1601,Finish(1),before,   1,   0,   0,   1,   0
   18527.997,  1601,Finish(1), after,   2,   0,   0,   0,   1
   18539.193,  1600,  Arrival,before,   1,   0,   0,   0,   1
   18539.193,  1600,  Arrival, after,   3,   0,   0,   1,   1
   18541.911,  1602,Finish(2),before,   2,   0,   0,   1,   1
   18541.911,  1602,Finish(2), after,   2,   0,   0,   1,   0
   18565.771,  1604,Finish(1),before,   1,   0,   0,   1,   0
   18565.771,  1604,Finish(1), after,   2,   0,   0,   0,   1
   18566.862,  1603,  Arrival,before,   1,   0,   0,   0,   1
   18566.862,  1603,  Arrival, after,   3,   0,   0,   1,   1
   18582.717,  1605,Finish(2),before,   2,   0,   0,   1,   1
   18582.717,  1605,Finish(2), after,   2,   0,   0,   1,   0
   18585.255,  1606,  Arrival,before,   1,   0,   0,   1,   0
   18585.255,  1606,  Arrival, after,   2,   1,   0,   1,   0
   18597.935,  1607,Finish(1),before,   1,   1,   0,   1,   0
   18597.935,  1607,Finish(1), after,   3,   0,   0,   1,   1
   18614.599,  1610,Finish(2),before,   2,   0,   0,   1,   1
   18614.599,  1610,Finish(2), after,   2,   0,   0,   1,   0
   18615.185,  1608,  Arrival,before,   1,   0,   0,   1,   0
   18615.185,  1608,  Arrival, after,   2,   1,   0,   1,   0
   18643.802,  1609,Finish(1),before,   1,   1,   0,   1,   0
   18643.802,  1609,Finish(1), after,   3,   0,   0,   1,   1
   18651.984,  1612,Finish(1),before,   2,   0,   0,   1,   1
   18651.984,  1612,Finish(1), after,   2,   0,   1,   0,   1
   18666.493,  1613,Finish(2),before,   1,   0,   1,   0,   1
   18666.493,  1613,Finish(2), after,   2,   0,   0,   0,   1
   18666.800,  1611,  Arrival,before,   1,   0,   0,   0,   1
   18666.800,  1611,  Arrival, after,   3,   0,   0,   1,   1
   18673.869,  1616,Finish(1),before,   2,   0,   0,   1,   1
   18673.869,  1616,Finish(1), after,   2,   0,   1,   0,   1
   18683.437,  1614,Finish(2),before,   1,   0,   1,   0,   1
   18683.437,  1614,Finish(2), after,   2,   0,   0,   0,   1
   18696.097,  1617,Finish(2),before,   1,   0,   0,   0,   1
   18696.097,  1617,Finish(2), after,   1,   0,   0,   0,   0
   18702.620,  1615,  Arrival,before,   0,   0,   0,   0,   0
   18702.620,  1615,  Arrival, after,   2,   0,   0,   1,   0
   18721.432,  1619,Finish(1),before,   1,   0,   0,   1,   0
   18721.432,  1619,Finish(1), after,   2,   0,   0,   0,   1
   18731.232,  1618,  Arrival,before,   1,   0,   0,   0,   1
   18731.232,  1618,  Arrival, after,   3,   0,   0,   1,   1
   18737.655,  1620,Finish(2),before,   2,   0,   0,   1,   1
   18737.655,  1620,Finish(2), after,   2,   0,   0,   1,   0
   18745.436,  1622,Finish(1),before,   1,   0,   0,   1,   0
   18745.436,  1622,Finish(1), after,   2,   0,   0,   0,   1
   18749.083,  1621,  Arrival,before,   1,   0,   0,   0,   1
   18749.083,  1621,  Arrival, after,   3,   0,   0,   1,   1
   18759.996,  1623,Finish(2),before,   2,   0,   0,   1,   1
   18759.996,  1623,Finish(2), after,   2,   0,   0,   1,   0
   18762.526,  1624,  Arrival,before,   1,   0,   0,   1,   0
   18762.526,  1624,  Arrival, after,   2,   1,   0,   1,   0
   18772.850,  1625,Finish(1),before,   1,   1,   0,   1,   0
   18772.850,  1625,Finish(1), after,   3,   0,   0,   1,   1
   18783.873,  1627,Finish(1),before,   2,   0,   0,   1,   1
   18783.873,  1627,Finish(1), after,   2,   0,   1,   0,   1
   18789.687,  1626,  Arrival,before,   1,   0,   1,   0,   1
   18789.687,  1626,  Arrival, after,   3,   0,   1,   1,   1
   18793.732,  1628,Finish(2),before,   2,   0,   1,   1,   1
   18793.732,  1628,Finish(2), after,   3,   0,   0,   1,   1
   18802.212,  1630,Finish(1),before,   2,   0,   0,   1,   1
   18802.212,  1630,Finish(1), after,   2,   0,   1,   0,   1
   18808.297,  1631,Finish(2),before,   1,   0,   1,   0,   1
   18808.297,  1631,Finish(2), after,   2,   0,   0,   0,   1
   18822.823,  1632,Finish(2),before,   1,   0,   0,   0,   1
   18822.823,  1632,Finish(2), after,   1,   0,   0,   0,   0
   18846.864,  1629,  Arrival,before,   0,   0,   0,   0,   0
   18846.864,  1629,  Arrival, after,   2,   0,   0,   1,   0
   18861.358,  1634,Finish(1),before,   1,   0,   0,   1,   0
   18861.358,  1634,Finish(1), after,   2,   0,   0,   0,   1
   18872.878,  1633,  Arrival,before,   1,   0,   0,   0,   1
   18872.878,  1633,  Arrival, after,   3,   0,   0,   1,   1
   18875.073,  1635,Finish(2),before,   2,   0,   0,   1,   1
   18875.073,  1635,Finish(2), after,   2,   0,   0,   1,   0
   18899.848,  1637,Finish(1),before,   1,   0,   0,   1,   0
   18899.848,  1637,Finish(1), after,   2,   0,   0,   0,   1
   18913.210,  1636,  Arrival,before,   1,   0,   0,   0,   1
   18913.210,  1636,  Arrival, after,   3,   0,   0,   1,   1
   18916.079,  1638,Finish(2),before,   2,   0,   0,   1,   1
   18916.079,  1638,Finish(2), after,   2,   0,   0,   1,   0
   18931.432,  1640,Finish(1),before,   1,   0,   0,   1,   0
   18931.432,  1640,Finish(1), after,   2,   0,   0,   0,   1
   18937.496,  1639,  Arrival,before,   1,   0,   0,   0,   1
   18937.496,  1639,  Arrival, after,   3,   0,   0,   1,   1
   18939.426,  1643,Finish(1),before,   2,   0,   0,   1,   1
   18939.426,  1643,Finish(1), after,   2,   0,   1,   0,   1
   18947.304,  1641,Finish(2),before,   1,   0,   1,   0,   1
   18947.304,  1641,Finish(2), after,   2,   0,   0,   0,   1
   18955.908,  1642,  Arrival,before,   1,   0,   0,   0,   1
   18955.908,  1642,  Arrival, after,   3,   0,   0,   1,   1
   18961.890,  1644,Finish(2),before,   2,   0,   0,   1,   1
   18961.890,  1644,Finish(2), after,   2,   0,   0,   1,   0
   18968.277,  1646,Finish(1),before,   1,   0,   0,   1,   0
   18968.277,  1646,Finish(1), after,   2,   0,   0,   0,   1
   18980.609,  1645,  Arrival,before,   1,   0,   0,   0,   1
   18980.609,  1645,  Arrival, after,   3,   0,   0,   1,   1
   18981.995,  1647,Finish(2),before,   2,   0,   0,   1,   1
   18981.995,  1647,Finish(2), after,   2,   0,   0,   1,   0
   18999.018,  1649,Finish(1),before,   1,   0,   0,   1,   0
   18999.018,  1649,Finish(1), after,   2,   0,   0,   0,   1
   19016.282,  1650,Finish(2),before,   1,   0,   0,   0,   1
   19016.282,  1650,Finish(2), after,   1,   0,   0,   0,   0
   19034.688,  1648,  Arrival,before,   0,   0,   0,   0,   0
   19034.688,  1648,  Arrival, after,   2,   0,   0,   1,   0
   19044.124,  1652,Finish(1),before,   1,   0,   0,   1,   0
   19044.124,  1652,Finish(1), after,   2,   0,   0,   0,   1
   19058.853,  1653,Finish(2),before,   1,   0,   0,   0,   1
   19058.853,  1653,Finish(2), after,   1,   0,   0,   0,   0
   19062.360,  1651,  Arrival,before,   0,   0,   0,   0,   0
   19062.360,  1651,  Arrival, after,   2,   0,   0,   1,   0
   19074.061,  1655,Finish(1),before,   1,   0,   0,   1,   0
   19074.061,  1655,Finish(1), after,   2,   0,   0,   0,   1
   19091.960,  1656,Finish(2),before,   1,   0,   0,   0,   1
   19091.960,  1656,Finish(2), after,   1,   0,   0,   0,   0
   19094.782,  1654,  Arrival,before,   0,   0,   0,   0,   0
   19094.782,  1654,  Arrival, after,   2,   0,   0,   1,   0
   19112.022,  1658,Finish(1),before,   1,   0,   0,   1,   0
   19112.022,  1658,Finish(1), after,   2,   0,   0,   0,   1
   19120.384,  1657,  Arrival,before,   1,   0,   0,   0,   1
   19120.384,  1657,  Arrival, after,   3,   0,   0,   1,   1
   19125.119,  1659,Finish(2),before,   2,   0,   0,   1,   1
   19125.119,  1659,Finish(2), after,   2,   0,   0,   1,   0
   19136.138,  1660,  Arrival,before,   1,   0,   0,   1,   0
   19136.138,  1660,  Arrival, after,   2,   1,   0,   1,   0
   19139.493,  1661,Finish(1),before,   1,   1,   0,   1,   0
   19139.493,  1661,Finish(1), after,   3,   0,   0,   1,   1
   19149.917,  1663,Finish(1),before,   2,   0,   0,   1,   1
   19149.917,  1663,Finish(1), after,   2,   0,   1,   0,   1
   19151.439,  1664,Finish(2),before,   1,   0,   1,   0,   1
   19151.439,  1664,Finish(2), after,   2,   0,   0,   0,   1
   19168.329,  1665,Finish(2),before,   1,   0,   0,   0,   1
   19168.329,  1665,Finish(2), after,   1,   0,   0,   0,   0
   19182.776,  1662,  Arrival,before,   0,   0,   0,   0,   0
   19182.776,  1662,  Arrival, after,   2,   0,   0,   1,   0
   19185.241,  1667,Finish(1),before,   1,   0,   0,   1,   0
   19185.241,  1667,Finish(1), after,   2,   0,   0,   0,   1
   19200.700,  1668,Finish(2),before,   1,   0,   0,   0,   1
   19200.700,  1668,Finish(2), after,   1,   0,   0,   0,   0
   19213.431,  1666,  Arrival,before,   0,   0,   0,   0,   0
   19213.431,  1666,  Arrival, after,   2,   0,   0,   1,   0
   19227.648,  1670,Finish(1),before,   1,   0,   0,   1,   0
   19227.648,  1670,Finish(1), after,   2,   0,   0,   0,   1
   19237.543,  1669,  Arrival,before,   1,   0,   0,   0,   1
   19237.543,  1669,  Arrival, after,   3,   0,   0,   1,   1
   19244.292,  1671,Finish(2),before,   2,   0,   0,   1,   1
   19244.292,  1671,Finish(2), after,   2,   0,   0,   1,   0
   19245.519,  1673,Finish(1),before,   1,   0,   0,   1,   0
   19245.519,  1673,Finish(1), after,   2,   0,   0,   0,   1
   19261.110,  1672,  Arrival,before,   1,   0,   0,   0,   1
   19261.110,  1672,  Arrival, after,   3,   0,   0,   1,   1
   19264.416,  1674,Finish(2),before,   2,   0,   0,   1,   1
   19264.416,  1674,Finish(2), after,   2,   0,   0,   1,   0
   19268.299,  1676,Finish(1),before,   1,   0,   0,   1,   0
   19268.299,  1676,Finish(1), after,   2,   0,   0,   0,   1
   19280.997,  1677,Finish(2),before,   1,   0,   0,   0,   1
   19280.997,  1677,Finish(2), after,   1,   0,   0,   0,   0
   19296.247,  1675,  Arrival,before,   0,   0,   0,   0,   0
   19296.247,  1675,  Arrival, after,   2,   0,   0,   1,   0
   19296.325,  1679,Finish(1),before,   1,   0,   0,   1,   0
   19296.325,  1679,Finish(1), after,   2,   0,   0,   0,   1
   19313.068,  1680,Finish(2),before,   1,   0,   0,   0,   1
   19313.068,  1680,Finish(2), after,   1,   0,   0,   0,   0
   19315.588,  1678,  Arrival,before,   0,   0,   0,   0,   0
   19315.588,  1678,  Arrival, after,   2,   0,   0,   1,   0
   19320.260,  1682,Finish(1),before,   1,   0,   0,   1,   0
   19320.260,  1682,Finish(1), after,   2,   0,   0,   0,   1
   19337.472,  1683,Finish(2),before,   1,   0,   0,   0,   1
   19337.472,  1683,Finish(2), after,   1,   0,   0,   0,   0
   19349.535,  1681,  Arrival,before,   0,   0,   0,   0,   0
   19349.535,  1681,  Arrival, after,   2,   0,   0,   1,   0
   19369.379,  1685,Finish(1),before,   1,   0,   0,   1,   0
   19369.379,  1685,Finish(1), after,   2,   0,   0,   0,   1
   19378.454,  1684,  Arrival,before,   1,   0,   0,   0,   1
   19378.454,  1684,  Arrival, after,   3,   0,   0,   1,   1
   19384.401,  1686,Finish(2),before,   2,   0,   0,   1,   1
   19384.401,  1686,Finish(2), after,   2,   0,   0,   1,   0
   19386.507,  1688,Finish(1),before,   1,   0,   0,   1,   0
   19386.507,  1688,Finish(1), after,   2,   0,   0,   0,   1
   19400.186,  1689,Finish(2),before,   1,   0,   0,   0,   1
   19400.186,  1689,Finish(2), after,   1,   0,   0,   0,   0
   19422.503,  1687,  Arrival,before,   0,   0,   0,   0,   0
   19422.503,  1687,  Arrival, after,   2,   0,   0,   1,   0
   19425.655,  1691,Finish(1),before,   1,   0,   0,   1,   0
   19425.655,  1691,Finish(1), after,   2,   0,   0,   0,   1
   19440.824,  1692,Finish(2),before,   1,   0,   0,   0,   1
   19440.824,  1692,Finish(2), after,   1,   0,   0,   0,   0
   19460.150,  1690,  Arrival,before,   0,   0,   0,   0,   0
   19460.150,  1690,  Arrival, after,   2,   0,   0,   1,   0
   19467.737,  1694,Finish(1),before,   1,   0,   0,   1,   0
   19467.737,  1694,Finish(1), after,   2,   0,   0,   0,   1
   19479.699,  1695,Finish(2),before,   1,   0,   0,   0,   1
   19479.699,  1695,Finish(2), after,   1,   0,   0,   0,   0
   19501.662,  1693,  Arrival,before,   0,   0,   0,   0,   0
   19501.662,  1693,  Arrival, after,   2,   0,   0,   1,   0
   19507.576,  1697,Finish(1),before,   1,   0,   0,   1,   0
   19507.576,  1697,Finish(1), after,   2,   0,   0,   0,   1
   19524.042,  1698,Finish(2),before,   1,   0,   0,   0,   1
   19524.042,  1698,Finish(2), after,   1,   0,   0,   0,   0
   19545.719,  1696,  Arrival,before,   0,   0,   0,   0,   0
   19545.719,  1696,  Arrival, after,   2,   0,   0,   1,   0
   19553.604,  1700,Finish(1),before,   1,   0,   0,   1,   0
   19553.604,  1700,Finish(1), after,   2,   0,   0,   0,   1
   19569.086,  1701,Finish(2),before,   1,   0,   0,   0,   1
   19569.086,  1701,Finish(2), after,   1,   0,   0,   0,   0
   19572.166,  1699,  Arrival,before,   0,   0,   0,   0,   0
   19572.166,  1699,  Arrival, after,   2,   0,   0,   1,   0
   19580.701,  1703,Finish(1),before,   1,   0,   0,   1,   0
   19580.701,  1703,Finish(1), after,   2,   0,   0,   0,   1
   19598.171,  1704,Finish(2),before,   1,   0,   0,   0,   1
   19598.171,  1704,Finish(2), after,   1,   0,   0,   0,   0
   19620.257,  1702,  Arrival,before,   0,   0,   0,   0,   0
   19620.257,  1702,  Arrival, after,   2,   0,   0,   1,   0
   19620.297,  1706,Finish(1),before,   1,   0,   0,   1,   0
   19620.297,  1706,Finish(1), after,   2,   0,   0,   0,   1
   19634.196,  1707,Finish(2),before,   1,   0,   0,   0,   1
   19634.196,  1707,Finish(2), after,   1,   0,   0,   0,   0
   19647.781,  1705,  Arrival,before,   0,   0,   0,   0,   0
   19647.781,  1705,  Arrival, after,   2,   0,   0,   1,   0
   19657.781,  1709,Finish(1),before,   1,   0,   0,   1,   0
   19657.781,  1709,Finish(1), after,   2,   0,   0,   0,   1
   19675.769,  1710,Finish(2),before,   1,   0,   0,   0,   1
   19675.769,  1710,Finish(2), after,   1,   0,   0,   0,   0
   19700.170,  1708,  Arrival,before,   0,   0,   0,   0,   0
   19700.170,  1708,  Arrival, after,   2,   0,   0,   1,   0
   19703.642,  1712,Finish(1),before,   1,   0,   0,   1,   0
   19703.642,  1712,Finish(1), after,   2,   0,   0,   0,   1
   19723.870,  1713,Finish(2),before,   1,   0,   0,   0,   1
   19723.870,  1713,Finish(2), after,   1,   0,   0,   0,   0
   19751.193,  1711,  Arrival,before,   0,   0,   0,   0,   0
   19751.193,  1711,  Arrival, after,   2,   0,   0,   1,   0
   19755.718,  1715,Finish(1),before,   1,   0,   0,   1,   0
   19755.718,  1715,Finish(1), after,   2,   0,   0,   0,   1
   19771.247,  1716,Finish(2),before,   1,   0,   0,   0,   1
   19771.247,  1716,Finish(2), after,   1,   0,   0,   0,   0
   19797.859,  1714,  Arrival,before,   0,   0,   0,   0,   0
   19797.859,  1714,  Arrival, after,   2,   0,   0,   1,   0
   19799.575,  1718,Finish(1),before,   1,   0,   0,   1,   0
   19799.575,  1718,Finish(1), after,   2,   0,   0,   0,   1
   19814.753,  1717,  Arrival,before,   1,   0,   0,   0,   1
   19814.753,  1717,  Arrival, after,   3,   0,   0,   1,   1
   19817.006,  1719,Finish(2),before,   2,   0,   0,   1,   1
   19817.006,  1719,Finish(2), after,   2,   0,   0,   1,   0
   19824.180,  1721,Finish(1),before,   1,   0,   0,   1,   0
   19824.180,  1721,Finish(1), after,   2,   0,   0,   0,   1
   19828.277,  1720,  Arrival,before,   1,   0,   0,   0,   1
   19828.277,  1720,  Arrival, after,   3,   0,   0,   1,   1
   19832.155,  1724,Finish(1),before,   2,   0,   0,   1,   1
   19832.155,  1724,Finish(1), after,   2,   0,   1,   0,   1
   19842.237,  1722,Finish(2),before,   1,   0,   1,   0,   1
   19842.237,  1722,Finish(2), after,   2,   0,   0,   0,   1
   19843.275,  1723,  Arrival,before,   1,   0,   0,   0,   1
   19843.275,  1723,  Arrival, after,   3,   0,   0,   1,   1
   19850.139,  1727,Finish(1),before,   2,   0,   0,   1,   1
   19850.139,  1727,Finish(1), after,   2,   0,   1,   0,   1
   19854.654,  1725,Finish(2),before,   1,   0,   1,   0,   1
   19854.654,  1725,Finish(2), after,   2,   0,   0,   0,   1
   19873.743,  1728,Finish(2),before,   1,   0,   0,   0,   1
   19873.743,  1728,Finish(2), after,   1,   0,   0,   0,   0
   19900.928,  1726,  Arrival,before,   0,   0,   0,   0,   0
   19900.928,  1726,  Arrival, after,   2,   0,   0,   1,   0
   19901.799,  1730,Finish(1),before,   1,   0,   0,   1,   0
   19901.799,  1730,Finish(1), after,   2,   0,   0,   0,   1
   19923.275,  1731,Finish(2),before,   1,   0,   0,   0,   1
   19923.275,  1731,Finish(2), after,   1,   0,   0,   0,   0
   19954.109,  1729,  Arrival,before,   0,   0,   0,   0,   0
   19954.109,  1729,  Arrival, after,   2,   0,   0,   1,   0
   19955.969,  1733,Finish(1),before,   1,   0,   0,   1,   0
   19955.969,  1733,Finish(1), after,   2,   0,   0,   0,   1
   19974.798,  1734,Finish(2),before,   1,   0,   0,   0,   1
   19974.798,  1734,Finish(2), after,   1,   0,   0,   0,   0
   19980.829,  1732,  Arrival,before,   0,   0,   0,   0,   0
   19980.829,  1732,  Arrival, after,   2,   0,   0,   1,   0
   20018.149,  1736,Finish(1),before,   1,   0,   0,   1,   0
   20018.149,  1736,Finish(1), after,   2,   0,   0,   0,   1
   20023.050,  1735,  Arrival,before,   1,   0,   0,   0,   1
   20023.050,  1735,  Arrival, after,   3,   0,   0,   1,   1
   20026.239,  1739,Finish(1),before,   2,   0,   0,   1,   1
   20026.239,  1739,Finish(1), after,   2,   0,   1,   0,   1
   20028.902,  1737,Finish(2),before,   1,   0,   1,   0,   1
   20028.902,  1737,Finish(2), after,   2,   0,   0,   0,   1
   20045.638,  1740,Finish(2),before,   1,   0,   0,   0,   1
   20045.638,  1740,Finish(2), after,   1,   0,   0,   0,   0
   20067.200,  1738,  Arrival,before,   0,   0,   0,   0,   0
   20067.200,  1738,  Arrival, after,   2,   0,   0,   1,   0
   20068.379,  1742,Finish(1),before,   1,   0,   0,   1,   0
   20068.379,  1742,Finish(1), after,   2,   0,   0,   0,   1
   20087.857,  1743,Finish(2),before,   1,   0,   0,   0,   1
   20087.857,  1743,Finish(2), after,   1,   0,   0,   0,   0
   20114.001,  1741,  Arrival,before,   0,   0,   0,   0,   0
   20114.001,  1741,  Arrival, after,   2,   0,   0,   1,   0
   20118.852,  1745,Finish(1),before,   1,   0,   0,   1,   0
   20118.852,  1745,Finish(1), after,   2,   0,   0,   0,   1
   20134.211,  1746,Finish(2),before,   1,   0,   0,   0,   1
   20134.211,  1746,Finish(2), after,   1,   0,   0,   0,   0
   20165.072,  1744,  Arrival,before,   0,   0,   0,   0,   0
   20165.072,  1744,  Arrival, after,   2,   0,   0,   1,   0
   20189.642,  1748,Finish(1),before,   1,   0,   0,   1,   0
   20189.642,  1748,Finish(1), after,   2,   0,   0,   0,   1
   20200.748,  1747,  Arrival,before,   1,   0,   0,   0,   1
   20200.748,  1747,  Arrival, after,   3,   0,   0,   1,   1
   20204.255,  1751,Finish(1),before,   2,   0,   0,   1,   1
   20204.255,  1751,Finish(1), after,   2,   0,   1,   0,   1
   20204.598,  1749,Finish(2),before,   1,   0,   1,   0,   1
   20204.598,  1749,Finish(2), after,   2,   0,   0,   0,   1
   20220.381,  1752,Finish(2),before,   1,   0,   0,   0,   1
   20220.381,  1752,Finish(2), after,   1,   0,   0,   0,   0
   20250.938,  1750,  Arrival,before,   0,   0,   0,   0,   0
   20250.938,  1750,  Arrival, after,   2,   0,   0,   1,   0
   20255.208,  1754,Finish(1),before,   1,   0,   0,   1,   0
   20255.208,  1754,Finish(1), after,   2,   0,   0,   0,   1
   20269.850,  1755,Finish(2),before,   1,   0,   0,   0,   1
   20269.850,  1755,Finish(2), after,   1,   0,   0,   0,   0
   20278.830,  1753,  Arrival,before,   0,   0,   0,   0,   0
   20278.830,  1753,  Arrival, after,   2,   0,   0,   1,   0
   20287.340,  1757,Finish(1),before,   1,   0,   0,   1,   0
   20287.340,  1757,Finish(1), after,   2,   0,   0,   0,   1
   20299.421,  1758,Finish(2),before,   1,   0,   0,   0,   1
   20299.421,  1758,Finish(2), after,   1,   0,   0,   0,   0
   20333.410,  1756,  Arrival,before,   0,   0,   0,   0,   0
   20333.410,  1756,  Arrival, after,   2,   0,   0,   1,   0
   20336.397,  1760,Finish(1),before,   1,   0,   0,   1,   0
   20336.397,  1760,Finish(1), after,   2,   0,   0,   0,   1
   20355.512,  1761,Finish(2),before,   1,   0,   0,   0,   1
   20355.512,  1761,Finish(2), after,   1,   0,   0,   0,   0
   20391.793,  1759,  Arrival,before,   0,   0,   0,   0,   0
   20391.793,  1759,  Arrival, after,   2,   0,   0,   1,   0
   20394.199,  1763,Finish(1),before,   1,   0,   0,   1,   0
   20394.199,  1763,Finish(1), after,   2,   0,   0,   0,   1
   20409.326,  1764,Finish(2),before,   1,   0,   0,   0,   1
   20409.326,  1764,Finish(2), after,   1,   0,   0,   0,   0
   20413.597,  1762,  Arrival,before,   0,   0,   0,   0,   0
   20413.597,  1762,  Arrival, after,   2,   0,   0,   1,   0
   20419.458,  1766,Finish(1),before,   1,   0,   0,   1,   0
   20419.458,  1766,Finish(1), after,   2,   0,   0,   0,   1
   20430.417,  1767,Finish(2),before,   1,   0,   0,   0,   1
   20430.417,  1767,Finish(2), after,   1,   0,   0,   0,   0
   20464.897,  1765,  Arrival,before,   0,   0,   0,   0,   0
   20464.897,  1765,  Arrival, after,   2,   0,   0,   1,   0
   20468.589,  1769,Finish(1),before,   1,   0,   0,   1,   0
   20468.589,  1769,Finish(1), after,   2,   0,   0,   0,   1
   20479.547,  1768,  Arrival,before,   1,   0,   0,   0,   1
   20479.547,  1768,  Arrival, after,   3,   0,   0,   1,   1
   20486.986,  1770,Finish(2),before,   2,   0,   0,   1,   1
   20486.986,  1770,Finish(2), after,   2,   0,   0,   1,   0
   20491.155,  1771,  Arrival,before,   1,   0,   0,   1,   0
   20491.155,  1771,  Arrival, after,   2,   1,   0,   1,   0
   20494.369,  1772,Finish(1),before,   1,   1,   0,   1,   0
   20494.369,  1772,Finish(1), after,   3,   0,   0,   1,   1
   20511.174,  1774,Finish(1),before,   2,   0,   0,   1,   1
   20511.174,  1774,Finish(1), after,   2,   0,   1,   0,   1
   20512.731,  1775,Finish(2),before,   1,   0,   1,   0,   1
   20512.731,  1775,Finish(2), after,   2,   0,   0,   0,   1
   20529.331,  1776,Finish(2),before,   1,   0,   0,   0,   1
   20529.331,  1776,Finish(2), after,   1,   0,   0,   0,   0
   20545.772,  1773,  Arrival,before,   0,   0,   0,   0,   0
   20545.772,  1773,  Arrival, after,   2,   0,   0,   1,   0
   20557.467,  1778,Finish(1),before,   1,   0,   0,   1,   0
   20557.467,  1778,Finish(1), after,   2,   0,   0,   0,   1
   20562.890,  1777,  Arrival,before,   1,   0,   0,   0,   1
   20562.890,  1777,  Arrival, after,   3,   0,   0,   1,   1
   20571.438,  1781,Finish(1),before,   2,   0,   0,   1,   1
   20571.438,  1781,Finish(1), after,   2,   0,   1,   0,   1
   20574.476,  1779,Finish(2),before,   1,   0,   1,   0,   1
   20574.476,  1779,Finish(2), after,   2,   0,   0,   0,   1
   20590.726,  1782,Finish(2),before,   1,   0,   0,   0,   1
   20590.726,  1782,Finish(2), after,   1,   0,   0,   0,   0
   20612.016,  1780,  Arrival,before,   0,   0,   0,   0,   0
   20612.016,  1780,  Arrival, after,   2,   0,   0,   1,   0
   20619.858,  1784,Finish(1),before,   1,   0,   0,   1,   0
   20619.858,  1784,Finish(1), after,   2,   0,   0,   0,   1
   20636.126,  1785,Finish(2),before,   1,   0,   0,   0,   1
   20636.126,  1785,Finish(2), after,   1,   0,   0,   0,   0
   20670.313,  1783,  Arrival,before,   0,   0,   0,   0,   0
   20670.313,  1783,  Arrival, after,   2,   0,   0,   1,   0
   20683.716,  1787,Finish(1),before,   1,   0,   0,   1,   0
   20683.716,  1787,Finish(1), after,   2,   0,   0,   0,   1
   20700.692,  1788,Finish(2),before,   1,   0,   0,   0,   1
   20700.692,  1788,Finish(2), after,   1,   0,   0,   0,   0
   20715.758,  1786,  Arrival,before,   0,   0,   0,   0,   0
   20715.758,  1786,  Arrival, after,   2,   0,   0,   1,   0
   20716.447,  1790,Finish(1),before,   1,   0,   0,   1,   0
   20716.447,  1790,Finish(1), after,   2,   0,   0,   0,   1
   20732.330,  1791,Finish(2),before,   1,   0,   0,   0,   1
   20732.330,  1791,Finish(2), after,   1,   0,   0,   0,   0
   20765.385,  1789,  Arrival,before,   0,   0,   0,   0,   0
   20765.385,  1789,  Arrival, after,   2,   0,   0,   1,   0
   20765.787,  1793,Finish(1),before,   1,   0,   0,   1,   0
   20765.787,  1793,Finish(1), after,   2,   0,   0,   0,   1
   20778.479,  1794,Finish(2),before,   1,   0,   0,   0,   1
   20778.479,  1794,Finish(2), after,   1,   0,   0,   0,   0
   20799.975,  1792,  Arrival,before,   0,   0,   0,   0,   0
   20799.975,  1792,  Arrival, after,   2,   0,   0,   1,   0
   20805.744,  1796,Finish(1),before,   1,   0,   0,   1,   0
   20805.744,  1796,Finish(1), after,   2,   0,   0,   0,   1
   20823.650,  1797,Finish(2),before,   1,   0,   0,   0,   1
   20823.650,  1797,Finish(2), after,   1,   0,   0,   0,   0
   20831.535,  1795,  Arrival,before,   0,   0,   0,   0,   0
   20831.535,  1795,  Arrival, after,   2,   0,   0,   1,   0
   20849.213,  1799,Finish(1),before,   1,   0,   0,   1,   0
   20849.213,  1799,Finish(1), after,   2,   0,   0,   0,   1
   20853.946,  1798,  Arrival,before,   1,   0,   0,   0,   1
   20853.946,  1798,  Arrival, after,   3,   0,   0,   1,   1
   20868.102,  1800,Finish(2),before,   2,   0,   0,   1,   1
   20868.102,  1800,Finish(2), after,   2,   0,   0,   1,   0
   20871.245,  1802,Finish(1),before,   1,   0,   0,   1,   0
   20871.245,  1802,Finish(1), after,   2,   0,   0,   0,   1
   20883.261,  1803,Finish(2),before,   1,   0,   0,   0,   1
   20883.261,  1803,Finish(2), after,   1,   0,   0,   0,   0
   20893.656,  1801,  Arrival,before,   0,   0,   0,   0,   0
   20893.656,  1801,  Arrival, after,   2,   0,   0,   1,   0
   20908.017,  1805,Finish(1),before,   1,   0,   0,   1,   0
   20908.017,  1805,Finish(1), after,   2,   0,   0,   0,   1
   20920.607,  1806,Finish(2),before,   1,   0,   0,   0,   1
   20920.607,  1806,Finish(2), after,   1,   0,   0,   0,   0
   20938.407,  1804,  Arrival,before,   0,   0,   0,   0,   0
   20938.407,  1804,  Arrival, after,   2,   0,   0,   1,   0
   20945.039,  1808,Finish(1),before,   1,   0,   0,   1,   0
   20945.039,  1808,Finish(1), after,   2,   0,   0,   0,   1
   20964.936,  1809,Finish(2),before,   1,   0,   0,   0,   1
   20964.936,  1809,Finish(2), after,   1,   0,   0,   0,   0
   20989.006,  1807,  Arrival,before,   0,   0,   0,   0,   0
   20989.006,  1807,  Arrival, after,   2,   0,   0,   1,   0
   21002.635,  1811,Finish(1),before,   1,   0,   0,   1,   0
   21002.635,  1811,Finish(1), after,   2,   0,   0,   0,   1
   21006.075,  1810,  Arrival,before,   1,   0,   0,   0,   1
   21006.075,  1810,  Arrival, after,   3,   0,   0,   1,   1
   21017.624,  1812,Finish(2),before,   2,   0,   0,   1,   1
   21017.624,  1812,Finish(2), after,   2,   0,   0,   1,   0
   21028.217,  1814,Finish(1),before,   1,   0,   0,   1,   0
   21028.217,  1814,Finish(1), after,   2,   0,   0,   0,   1
   21043.054,  1813,  Arrival,before,   1,   0,   0,   0,   1
   21043.054,  1813,  Arrival, after,   3,   0,   0,   1,   1
   21045.747,  1815,Finish(2),before,   2,   0,   0,   1,   1
   21045.747,  1815,Finish(2), after,   2,   0,   0,   1,   0
   21047.367,  1817,Finish(1),before,   1,   0,   0,   1,   0
   21047.367,  1817,Finish(1), after,   2,   0,   0,   0,   1
   21064.918,  1818,Finish(2),before,   1,   0,   0,   0,   1
   21064.918,  1818,Finish(2), after,   1,   0,   0,   0,   0
   21067.352,  1816,  Arrival,before,   0,   0,   0,   0,   0
   21067.352,  1816,  Arrival, after,   2,   0,   0,   1,   0
   21075.086,  1820,Finish(1),before,   1,   0,   0,   1,   0
   21075.086,  1820,Finish(1), after,   2,   0,   0,   0,   1
   21092.895,  1819,  Arrival,before,   1,   0,   0,   0,   1
   21092.895,  1819,  Arrival, after,   3,   0,   0,   1,   1
   21095.272,  1821,Finish(2),before,   2,   0,   0,   1,   1
   21095.272,  1821,Finish(2), after,   2,   0,   0,   1,   0
   21102.421,  1823,Finish(1),before,   1,   0,   0,   1,   0
   21102.421,  1823,Finish(1), after,   2,   0,   0,   0,   1
   21120.792,  1824,Finish(2),before,   1,   0,   0,   0,   1
   21120.792,  1824,Finish(2), after,   1,   0,   0,   0,   0
   21127.652,  1822,  Arrival,before,   0,   0,   0,   0,   0
   21127.652,  1822,  Arrival, after,   2,   0,   0,   1,   0
   21140.478,  1826,Finish(1),before,   1,   0,   0,   1,   0
   21140.478,  1826,Finish(1), after,   2,   0,   0,   0,   1
   21163.123,  1825,  Arrival,before,   1,   0,   0,   0,   1
   21163.123,  1825,  Arrival, after,   3,   0,   0,   1,   1
   21163.424,  1827,Finish(2),before,   2,   0,   0,   1,   1
   21163.424,  1827,Finish(2), after,   2,   0,   0,   1,   0
   21186.755,  1829,Finish(1),before,   1,   0,   0,   1,   0
   21186.755,  1829,Finish(1), after,   2,   0,   0,   0,   1
   21205.318,  1830,Finish(2),before,   1,   0,   0,   0,   1
   21205.318,  1830,Finish(2), after,   1,   0,   0,   0,   0
   21211.199,  1828,  Arrival,before,   0,   0,   0,   0,   0
   21211.199,  1828,  Arrival, after,   2,   0,   0,   1,   0
   21237.399,  1832,Finish(1),before,   1,   0,   0,   1,   0
   21237.399,  1832,Finish(1), after,   2,   0,   0,   0,   1
   21241.543,  1831,  Arrival,before,   1,   0,   0,   0,   1
   21241.543,  1831,  Arrival, after,   3,   0,   0,   1,   1
   21242.031,  1835,Finish(1),before,   2,   0,   0,   1,   1
   21242.031,  1835,Finish(1), after,   2,   0,   1,   0,   1
   21258.261,  1833,Finish(2),before,   1,   0,   1,   0,   1
   21258.261,  1833,Finish(2), after,   2,   0,   0,   0,   1
   21263.169,  1834,  Arrival,before,   1,   0,   0,   0,   1
   21263.169,  1834,  Arrival, after,   3,   0,   0,   1,   1
   21271.627,  1836,Finish(2),before,   2,   0,   0,   1,   1
   21271.627,  1836,Finish(2), after,   2,   0,   0,   1,   0
   21272.527,  1838,Finish(1),before,   1,   0,   0,   1,   0
   21272.527,  1838,Finish(1), after,   2,   0,   0,   0,   1
   21284.588,  1839,Finish(2),before,   1,   0,   0,   0,   1
   21284.588,  1839,Finish(2), after,   1,   0,   0,   0,   0
   21316.117,  1837,  Arrival,before,   0,   0,   0,   0,   0
   21316.117,  1837,  Arrival, after,   2,   0,   0,   1,   0
   21339.758,  1841,Finish(1),before,   1,   0,   0,   1,   0
   21339.758,  1841,Finish(1), after,   2,   0,   0,   0,   1
   21360.436,  1842,Finish(2),before,   1,   0,   0,   0,   1
   21360.436,  1842,Finish(2), after,   1,   0,   0,   0,   0
   21374.956,  1840,  Arrival,before,   0,   0,   0,   0,   0
   21374.956,  1840,  Arrival, after,   2,   0,   0,   1,   0
   21376.890,  1844,Finish(1),before,   1,   0,   0,   1,   0
   21376.890,  1844,Finish(1), after,   2,   0,   0,   0,   1
   21392.948,  1845,Finish(2),before,   1,   0,   0,   0,   1
   21392.948,  1845,Finish(2), after,   1,   0,   0,   0,   0
   21411.546,  1843,  Arrival,before,   0,   0,   0,   0,   0
   21411.546,  1843,  Arrival, after,   2,   0,   0,   1,   0
   21432.335,  1847,Finish(1),before,   1,   0,   0,   1,   0
   21432.335,  1847,Finish(1), after,   2,   0,   0,   0,   1
   21446.328,  1846,  Arrival,before,   1,   0,   0,   0,   1
   21446.328,  1846,  Arrival, after,   3,   0,   0,   1,   1
   21448.782,  1848,Finish(2),before,   2,   0,   0,   1,   1
   21448.782,  1848,Finish(2), after,   2,   0,   0,   1,   0
   21457.946,  1850,Finish(1),before,   1,   0,   0,   1,   0
   21457.946,  1850,Finish(1), after,   2,   0,   0,   0,   1
   21470.445,  1851,Finish(2),before,   1,   0,   0,   0,   1
   21470.445,  1851,Finish(2), after,   1,   0,   0,   0,   0
   21480.002,  1849,  Arrival,before,   0,   0,   0,   0,   0
   21480.002,  1849,  Arrival, after,   2,   0,   0,   1,   0
   21487.052,  1853,Finish(1),before,   1,   0,   0,   1,   0
   21487.052,  1853,Finish(1), after,   2,   0,   0,   0,   1
   21498.026,  1854,Finish(2),before,   1,   0,   0,   0,   1
   21498.026,  1854,Finish(2), after,   1,   0,   0,   0,   0
   21513.338,  1852,  Arrival,before,   0,   0,   0,   0,   0
   21513.338,  1852,  Arrival, after,   2,   0,   0,   1,   0
   21524.869,  1856,Finish(1),before,   1,   0,   0,   1,   0
   21524.869,  1856,Finish(1), after,   2,   0,   0,   0,   1
   21530.453,  1855,  Arrival,before,   1,   0,   0,   0,   1
   21530.453,  1855,  Arrival, after,   3,   0,   0,   1,   1
   21536.813,  1859,Finish(1),before,   2,   0,   0,   1,   1
   21536.813,  1859,Finish(1), after,   2,   0,   1,   0,   1
   21542.551,  1858,  Arrival,before,   1,   0,   1,   0,   1
   21542.551,  1858,  Arrival, after,   3,   0,   1,   1,   1
   21543.393,  1857,Finish(2),before,   2,   0,   1,   1,   1
   21543.393,  1857,Finish(2), after,   3,   0,   0,   1,   1
   21553.968,  1861,Finish(1),before,   2,   0,   0,   1,   1
   21553.968,  1861,Finish(1), after,   2,   0,   1,   0,   1
   21558.214,  1862,Finish(2),before,   1,   0,   1,   0,   1
   21558.214,  1862,Finish(2), after,   2,   0,   0,   0,   1
   21569.983,  1863,Finish(2),before,   1,   0,   0,   0,   1
   21569.983,  1863,Finish(2), after,   1,   0,   0,   0,   0
   21570.252,  1860,  Arrival,before,   0,   0,   0,   0,   0
   21570.252,  1860,  Arrival, after,   2,   0,   0,   1,   0
   21586.108,  1865,Finish(1),before,   1,   0,   0,   1,   0
   21586.108,  1865,Finish(1), after,   2,   0,   0,   0,   1
   21602.566,  1866,Finish(2),before,   1,   0,   0,   0,   1
   21602.566,  1866,Finish(2), after,   1,   0,   0,   0,   0
   21625.597,  1864,  Arrival,before,   0,   0,   0,   0,   0
   21625.597,  1864,  Arrival, after,   2,   0,   0,   1,   0
   21630.092,  1868,Finish(1),before,   1,   0,   0,   1,   0
   21630.092,  1868,Finish(1), after,   2,   0,   0,   0,   1
   21648.201,  1869,Finish(2),before,   1,   0,   0,   0,   1
   21648.201,  1869,Finish(2), after,   1,   0,   0,   0,   0
   21660.383,  1867,  Arrival,before,   0,   0,   0,   0,   0
   21660.383,  1867,  Arrival, after,   2,   0,   0,   1,   0
   21668.814,  1871,Finish(1),before,   1,   0,   0,   1,   0
   21668.814,  1871,Finish(1), after,   2,   0,   0,   0,   1
   21680.879,  1872,Finish(2),before,   1,   0,   0,   0,   1
   21680.879,  1872,Finish(2), after,   1,   0,   0,   0,   0
   21705.393,  1870,  Arrival,before,   0,   0,   0,   0,   0
   21705.393,  1870,  Arrival, after,   2,   0,   0,   1,   0
   21710.540,  1874,Finish(1),before,   1,   0,   0,   1,   0
   21710.540,  1874,Finish(1), after,   2,   0,   0,   0,   1
   21722.977,  1873,  Arrival,before,   1,   0,   0,   0,   1
   21722.977,  1873,  Arrival, after,   3,   0,   0,   1,   1
   21729.900,  1875,Finish(2),before,   2,   0,   0,   1,   1
   21729.900,  1875,Finish(2), after,   2,   0,   0,   1,   0
   21763.660,  1877,Finish(1),before,   1,   0,   0,   1,   0
   21763.660,  1877,Finish(1), after,   2,   0,   0,   0,   1
   21774.864,  1876,  Arrival,before,   1,   0,   0,   0,   1
   21774.864,  1876,  Arrival, after,   3,   0,   0,   1,   1
   21777.300,  1880,Finish(1),before,   2,   0,   0,   1,   1
   21777.300,  1880,Finish(1), after,   2,   0,   1,   0,   1
   21779.137,  1878,Finish(2),before,   1,   0,   1,   0,   1
   21779.137,  1878,Finish(2), after,   2,   0,   0,   0,   1
   21794.551,  1881,Finish(2),before,   1,   0,   0,   0,   1
   21794.551,  1881,Finish(2), after,   1,   0,   0,   0,   0
   21811.823,  1879,  Arrival,before,   0,   0,   0,   0,   0
   21811.823,  1879,  Arrival, after,   2,   0,   0,   1,   0
   21814.583,  1883,Finish(1),before,   1,   0,   0,   1,   0
   21814.583,  1883,Finish(1), after,   2,   0,   0,   0,   1
   21828.245,  1884,Finish(2),before,   1,   0,   0,   0,   1
   21828.245,  1884,Finish(2), after,   1,   0,   0,   0,   0
   21831.037,  1882,  Arrival,before,   0,   0,   0,   0,   0
   21831.037,  1882,  Arrival, after,   2,   0,   0,   1,   0
   21836.963,  1886,Finish(1),before,   1,   0,   0,   1,   0
   21836.963,  1886,Finish(1), after,   2,   0,   0,   0,   1
   21852.949,  1887,Finish(2),before,   1,   0,   0,   0,   1
   21852.949,  1887,Finish(2), after,   1,   0,   0,   0,   0
   21875.405,  1885,  Arrival,before,   0,   0,   0,   0,   0
   21875.405,  1885,  Arrival, after,   2,   0,   0,   1,   0
   21879.601,  1889,Finish(1),before,   1,   0,   0,   1,   0
   21879.601,  1889,Finish(1), after,   2,   0,   0,   0,   1
   21892.591,  1890,Finish(2),before,   1,   0,   0,   0,   1
   21892.591,  1890,Finish(2), after,   1,   0,   0,   0,   0
   21931.174,  1888,  Arrival,before,   0,   0,   0,   0,   0
   21931.174,  1888,  Arrival, after,   2,   0,   0,   1,   0
   21932.000,  1892,Finish(1),before,   1,   0,   0,   1,   0
   21932.000,  1892,Finish(1), after,   2,   0,   0,   0,   1
   21948.666,  1893,Finish(2),before,   1,   0,   0,   0,   1
   21948.666,  1893,Finish(2), after,   1,   0,   0,   0,   0
   21952.003,  1891,  Arrival,before,   0,   0,   0,   0,   0
   21952.003,  1891,  Arrival, after,   2,   0,   0,   1,   0
   21967.537,  1895,Finish(1),before,   1,   0,   0,   1,   0
   21967.537,  1895,Finish(1), after,   2,   0,   0,   0,   1
   21978.260,  1896,Finish(2),before,   1,   0,   0,   0,   1
   21978.260,  1896,Finish(2), after,   1,   0,   0,   0,   0
   21988.173,  1894,  Arrival,before,   0,   0,   0,   0,   0
   21988.173,  1894,  Arrival, after,   2,   0,   0,   1,   0
   21991.524,  1898,Finish(1),before,   1,   0,   0,   1,   0
   21991.524,  1898,Finish(1), after,   2,   0,   0,   0,   1
   22005.139,  1899,Finish(2),before,   1,   0,   0,   0,   1
   22005.139,  1899,Finish(2), after,   1,   0,   0,   0,   0
   22027.274,  1897,  Arrival,before,   0,   0,   0,   0,   0
   22027.274,  1897,  Arrival, after,   2,   0,   0,   1,   0
   22077.974,  1901,Finish(1),before,   1,   0,   0,   1,   0
   22077.974,  1901,Finish(1), after,   2,   0,   0,   0,   1
   22084.678,  1900,  Arrival,before,   1,   0,   0,   0,   1
   22084.678,  1900,  Arrival, after,   3,   0,   0,   1,   1
   22092.560,  1902,Finish(2),before,   2,   0,   0,   1,   1
   22092.560,  1902,Finish(2), after,   2,   0,   0,   1,   0
   22093.043,  1904,Finish(1),before,   1,   0,   0,   1,   0
   22093.043,  1904,Finish(1), after,   2,   0,   0,   0,   1
   22111.197,  1905,Finish(2),before,   1,   0,   0,   0,   1
   22111.197,  1905,Finish(2), after,   1,   0,   0,   0,   0
   22119.606,  1903,  Arrival,before,   0,   0,   0,   0,   0
   22119.606,  1903,  Arrival, after,   2,   0,   0,   1,   0
   22126.229,  1907,Finish(1),before,   1,   0,   0,   1,   0
   22126.229,  1907,Finish(1), after,   2,   0,   0,   0,   1
   22142.496,  1908,Finish(2),before,   1,   0,   0,   0,   1
   22142.496,  1908,Finish(2), after,   1,   0,   0,   0,   0
   22163.876,  1906,  Arrival,before,   0,   0,   0,   0,   0
   22163.876,  1906,  Arrival, after,   2,   0,   0,   1,   0
   22168.409,  1910,Finish(1),before,   1,   0,   0,   1,   0
   22168.409,  1910,Finish(1), after,   2,   0,   0,   0,   1
   22182.858,  1911,Finish(2),before,   1,   0,   0,   0,   1
   22182.858,  1911,Finish(2), after,   1,   0,   0,   0,   0
   22191.707,  1909,  Arrival,before,   0,   0,   0,   0,   0
   22191.707,  1909,  Arrival, after,   2,   0,   0,   1,   0
   22204.503,  1913,Finish(1),before,   1,   0,   0,   1,   0
   22204.503,  1913,Finish(1), after,   2,   0,   0,   0,   1
   22219.117,  1914,Finish(2),before,   1,   0,   0,   0,   1
   22219.117,  1914,Finish(2), after,   1,   0,   0,   0,   0
   22222.985,  1912,  Arrival,before,   0,   0,   0,   0,   0
   22222.985,  1912,  Arrival, after,   2,   0,   0,   1,   0
   22228.154,  1916,Finish(1),before,   1,   0,   0,   1,   0
   22228.154,  1916,Finish(1), after,   2,   0,   0,   0,   1
   22237.609,  1915,  Arrival,before,   1,   0,   0,   0,   1
   22237.609,  1915,  Arrival, after,   3,   0,   0,   1,   1
   22243.150,  1917,Finish(2),before,   2,   0,   0,   1,   1
   22243.150,  1917,Finish(2), after,   2,   0,   0,   1,   0
   22253.988,  1919,Finish(1),before,   1,   0,   0,   1,   0
   22253.988,  1919,Finish(1), after,   2,   0,   0,   0,   1
   22258.822,  1918,  Arrival,before,   1,   0,   0,   0,   1
   22258.822,  1918,  Arrival, after,   3,   0,   0,   1,   1
   22265.447,  1922,Finish(1),before,   2,   0,   0,   1,   1
   22265.447,  1922,Finish(1), after,   2,   0,   1,   0,   1
   22269.615,  1920,Finish(2),before,   1,   0,   1,   0,   1
   22269.615,  1920,Finish(2), after,   2,   0,   0,   0,   1
   22283.201,  1921,  Arrival,before,   1,   0,   0,   0,   1
   22283.201,  1921,  Arrival, after,   3,   0,   0,   1,   1
   22283.528,  1923,Finish(2),before,   2,   0,   0,   1,   1
   22283.528,  1923,Finish(2), after,   2,   0,   0,   1,   0
   22310.667,  1925,Finish(1),before,   1,   0,   0,   1,   0
   22310.667,  1925,Finish(1), after,   2,   0,   0,   0,   1
   22329.015,  1926,Finish(2),before,   1,   0,   0,   0,   1
   22329.015,  1926,Finish(2), after,   1,   0,   0,   0,   0
   22338.602,  1924,  Arrival,before,   0,   0,   0,   0,   0
   22338.602,  1924,  Arrival, after,   2,   0,   0,   1,   0
   22338.694,  1928,Finish(1),before,   1,   0,   0,   1,   0
   22338.694,  1928,Finish(1), after,   2,   0,   0,   0,   1
   22353.452,  1929,Finish(2),before,   1,   0,   0,   0,   1
   22353.452,  1929,Finish(2), after,   1,   0,   0,   0,   0
   22354.996,  1927,  Arrival,before,   0,   0,   0,   0,   0
   22354.996,  1927,  Arrival, after,   2,   0,   0,   1,   0
   22367.785,  1931,Finish(1),before,   1,   0,   0,   1,   0
   22367.785,  1931,Finish(1), after,   2,   0,   0,   0,   1
   22371.468,  1930,  Arrival,before,   1,   0,   0,   0,   1
   22371.468,  1930,  Arrival, after,   3,   0,   0,   1,   1
   22373.167,  1934,Finish(1),before,   2,   0,   0,   1,   1
   22373.167,  1934,Finish(1), after,   2,   0,   1,   0,   1
   22386.152,  1932,Finish(2),before,   1,   0,   1,   0,   1
   22386.152,  1932,Finish(2), after,   2,   0,   0,   0,   1
   22397.572,  1935,Finish(2),before,   1,   0,   0,   0,   1
   22397.572,  1935,Finish(2), after,   1,   0,   0,   0,   0
   22401.856,  1933,  Arrival,before,   0,   0,   0,   0,   0
   22401.856,  1933,  Arrival, after,   2,   0,   0,   1,   0
   22415.167,  1937,Finish(1),before,   1,   0,   0,   1,   0
   22415.167,  1937,Finish(1), after,   2,   0,   0,   0,   1
   22428.356,  1938,Finish(2),before,   1,   0,   0,   0,   1
   22428.356,  1938,Finish(2), after,   1,   0,   0,   0,   0
   22448.102,  1936,  Arrival,before,   0,   0,   0,   0,   0
   22448.102,  1936,  Arrival, after,   2,   0,   0,   1,   0
   22465.288,  1940,Finish(1),before,   1,   0,   0,   1,   0
   22465.288,  1940,Finish(1), after,   2,   0,   0,   0,   1
   22480.092,  1941,Finish(2),before,   1,   0,   0,   0,   1
   22480.092,  1941,Finish(2), after,   1,   0,   0,   0,   0
   22500.978,  1939,  Arrival,before,   0,   0,   0,   0,   0
   22500.978,  1939,  Arrival, after,   2,   0,   0,   1,   0
   22507.139,  1943,Finish(1),before,   1,   0,   0,   1,   0
   22507.139,  1943,Finish(1), after,   2,   0,   0,   0,   1
   22517.745,  1944,Finish(2),before,   1,   0,   0,   0,   1
   22517.745,  1944,Finish(2), after,   1,   0,   0,   0,   0
   22549.986,  1942,  Arrival,before,   0,   0,   0,   0,   0
   22549.986,  1942,  Arrival, after,   2,   0,   0,   1,   0
   22565.620,  1946,Finish(1),before,   1,   0,   0,   1,   0
   22565.620,  1946,Finish(1), after,   2,   0,   0,   0,   1
   22577.444,  1947,Finish(2),before,   1,   0,   0,   0,   1
   22577.444,  1947,Finish(2), after,   1,   0,   0,   0,   0
   22595.494,  1945,  Arrival,before,   0,   0,   0,   0,   0
   22595.494,  1945,  Arrival, after,   2,   0,   0,   1,   0
   22600.818,  1949,Finish(1),before,   1,   0,   0,   1,   0
   22600.818,  1949,Finish(1), after,   2,   0,   0,   0,   1
   22610.901,  1950,Finish(2),before,   1,   0,   0,   0,   1
   22610.901,  1950,Finish(2), after,   1,   0,   0,   0,   0
   22621.872,  1948,  Arrival,before,   0,   0,   0,   0,   0
   22621.872,  1948,  Arrival, after,   2,   0,   0,   1,   0
   22625.069,  1952,Finish(1),before,   1,   0,   0,   1,   0
   22625.069,  1952,Finish(1), after,   2,   0,   0,   0,   1
   22641.641,  1953,Finish(2),before,   1,   0,   0,   0,   1
   22641.641,  1953,Finish(2), after,   1,   0,   0,   0,   0
   22674.472,  1951,  Arrival,before,   0,   0,   0,   0,   0
   22674.472,  1951,  Arrival, after,   2,   0,   0,   1,   0
   22676.724,  1955,Finish(1),before,   1,   0,   0,   1,   0
   22676.724,  1955,Finish(1), after,   2,   0,   0,   0,   1
   22692.990,  1956,Finish(2),before,   1,   0,   0,   0,   1
   22692.990,  1956,Finish(2), after,   1,   0,   0,   0,   0
   22706.109,  1954,  Arrival,before,   0,   0,   0,   0,   0
   22706.109,  1954,  Arrival, after,   2,   0,   0,   1,   0
   22706.720,  1958,Finish(1),before,   1,   0,   0,   1,   0
   22706.720,  1958,Finish(1), after,   2,   0,   0,   0,   1
   22723.186,  1959,Finish(2),before,   1,   0,   0,   0,   1
   22723.186,  1959,Finish(2), after,   1,   0,   0,   0,   0
   22740.082,  1957,  Arrival,before,   0,   0,   0,   0,   0
   22740.082,  1957,  Arrival, after,   2,   0,   0,   1,   0
   22756.347,  1961,Finish(1),before,   1,   0,   0,   1,   0
   22756.347,  1961,Finish(1), after,   2,   0,   0,   0,   1
   22767.363,  1960,  Arrival,before,   1,   0,   0,   0,   1
   22767.363,  1960,  Arrival, after,   3,   0,   0,   1,   1
   22772.010,  1962,Finish(2),before,   2,   0,   0,   1,   1
   22772.010,  1962,Finish(2), after,   2,   0,   0,   1,   0
   22776.053,  1964,Finish(1),before,   1,   0,   0,   1,   0
   22776.053,  1964,Finish(1), after,   2,   0,   0,   0,   1
   22790.099,  1965,Finish(2),before,   1,   0,   0,   0,   1
   22790.099,  1965,Finish(2), after,   1,   0,   0,   0,   0
   22816.944,  1963,  Arrival,before,   0,   0,   0,   0,   0
   22816.944,  1963,  Arrival, after,   2,   0,   0,   1,   0
   22829.575,  1967,Finish(1),before,   1,   0,   0,   1,   0
   22829.575,  1967,Finish(1), after,   2,   0,   0,   0,   1
   22841.462,  1968,Finish(2),before,   1,   0,   0,   0,   1
   22841.462,  1968,Finish(2), after,   1,   0,   0,   0,   0
   22843.299,  1966,  Arrival,before,   0,   0,   0,   0,   0
   22843.299,  1966,  Arrival, after,   2,   0,   0,   1,   0
   22843.317,  1970,Finish(1),before,   1,   0,   0,   1,   0
   22843.317,  1970,Finish(1), after,   2,   0,   0,   0,   1
   22859.318,  1971,Finish(2),before,   1,   0,   0,   0,   1
   22859.318,  1971,Finish(2), after,   1,   0,   0,   0,   0
   22887.780,  1969,  Arrival,before,   0,   0,   0,   0,   0
   22887.780,  1969,  Arrival, after,   2,   0,   0,   1,   0
   22891.171,  1973,Finish(1),before,   1,   0,   0,   1,   0
   22891.171,  1973,Finish(1), after,   2,   0,   0,   0,   1
   22902.928,  1974,Finish(2),before,   1,   0,   0,   0,   1
   22902.928,  1974,Finish(2), after,   1,   0,   0,   0,   0
   22946.514,  1972,  Arrival,before,   0,   0,   0,   0,   0
   22946.514,  1972,  Arrival, after,   2,   0,   0,   1,   0
   22955.356,  1976,Finish(1),before,   1,   0,   0,   1,   0
   22955.356,  1976,Finish(1), after,   2,   0,   0,   0,   1
   22967.219,  1977,Finish(2),before,   1,   0,   0,   0,   1
   22967.219,  1977,Finish(2), after,   1,   0,   0,   0,   0
   22974.484,  1975,  Arrival,before,   0,   0,   0,   0,   0
   22974.484,  1975,  Arrival, after,   2,   0,   0,   1,   0
   22975.169,  1979,Finish(1),before,   1,   0,   0,   1,   0
   22975.169,  1979,Finish(1), after,   2,   0,   0,   0,   1
   22990.972,  1980,Finish(2),before,   1,   0,   0,   0,   1
   22990.972,  1980,Finish(2), after,   1,   0,   0,   0,   0
   23027.728,  1978,  Arrival,before,   0,   0,   0,   0,   0
   23027.728,  1978,  Arrival, after,   2,   0,   0,   1,   0
   23034.175,  1982,Finish(1),before,   1,   0,   0,   1,   0
   23034.175,  1982,Finish(1), after,   2,   0,   0,   0,   1
   23050.295,  1983,Finish(2),before,   1,   0,   0,   0,   1
   23050.295,  1983,Finish(2), after,   1,   0,   0,   0,   0
   23068.952,  1981,  Arrival,before,   0,   0,   0,   0,   0
   23068.952,  1981,  Arrival, after,   2,   0,   0,   1,   0
   23090.622,  1985,Finish(1),before,   1,   0,   0,   1,   0
   23090.622,  1985,Finish(1), after,   2,   0,   0,   0,   1
   23109.017,  1986,Finish(2),before,   1,   0,   0,   0,   1
   23109.017,  1986,Finish(2), after,   1,   0,   0,   0,   0
   23122.736,  1984,  Arrival,before,   0,   0,   0,   0,   0
   23122.736,  1984,  Arrival, after,   2,   0,   0,   1,   0
   23134.648,  1988,Finish(1),before,   1,   0,   0,   1,   0
   23134.648,  1988,Finish(1), after,   2,   0,   0,   0,   1
   23151.593,  1989,Finish(2),before,   1,   0,   0,   0,   1
   23151.593,  1989,Finish(2), after,   1,   0,   0,   0,   0
   23163.246,  1987,  Arrival,before,   0,   0,   0,   0,   0
   23163.246,  1987,  Arrival, after,   2,   0,   0,   1,   0
   23164.225,  1991,Finish(1),before,   1,   0,   0,   1,   0
   23164.225,  1991,Finish(1), after,   2,   0,   0,   0,   1
   23176.156,  1990,  Arrival,before,   1,   0,   0,   0,   1
   23176.156,  1990,  Arrival, after,   3,   0,   0,   1,   1
   23178.029,  1994,Finish(1),before,   2,   0,   0,   1,   1
   23178.029,  1994,Finish(1), after,   2,   0,   1,   0,   1
   23178.381,  1992,Finish(2),before,   1,   0,   1,   0,   1
   23178.381,  1992,Finish(2), after,   2,   0,   0,   0,   1
   23195.491,  1995,Finish(2),before,   1,   0,   0,   0,   1
   23195.491,  1995,Finish(2), after,   1,   0,   0,   0,   0
   23200.102,  1993,  Arrival,before,   0,   0,   0,   0,   0
   23200.102,  1993,  Arrival, after,   2,   0,   0,   1,   0
   23217.448,  1997,Finish(1),before,   1,   0,   0,   1,   0
   23217.448,  1997,Finish(1), after,   2,   0,   0,   0,   1
   23229.524,  1996,  Arrival,before,   1,   0,   0,   0,   1
   23229.524,  1996,  Arrival, after,   3,   0,   0,   1,   1
   23230.623,  1998,Finish(2),before,   2,   0,   0,   1,   1
   23230.623,  1998,Finish(2), after,   2,   0,   0,   1,   0
   23231.367,  2000,Finish(1),before,   1,   0,   0,   1,   0
   23231.367,  2000,Finish(1), after,   2,   0,   0,   0,   1
   23251.003,  2001,Finish(2),before,   1,   0,   0,   0,   1
   23251.003,  2001,Finish(2), after,   1,   0,   0,   0,   0
   23271.437,  1999,  Arrival,before,   0,   0,   0,   0,   0
   23271.437,  1999,  Arrival, after,   2,   0,   0,   1,   0
   23307.532,  2003,Finish(1),before,   1,   0,   0,   1,   0
   23307.532,  2003,Finish(1), after,   2,   0,   0,   0,   1
   23314.984,  2002,  Arrival,before,   1,   0,   0,   0,   1
   23314.984,  2002,  Arrival, after,   3,   0,   0,   1,   1
   23317.113,  2006,Finish(1),before,   2,   0,   0,   1,   1
   23317.113,  2006,Finish(1), after,   2,   0,   1,   0,   1
   23322.503,  2004,Finish(2),before,   1,   0,   1,   0,   1
   23322.503,  2004,Finish(2), after,   2,   0,   0,   0,   1
   23342.336,  2007,Finish(2),before,   1,   0,   0,   0,   1
   23342.336,  2007,Finish(2), after,   1,   0,   0,   0,   0
   23349.830,  2005,  Arrival,before,   0,   0,   0,   0,   0
   23349.830,  2005,  Arrival, after,   2,   0,   0,   1,   0
   23368.529,  2008,  Arrival,before,   1,   0,   0,   1,   0
   23368.529,  2008,  Arrival, after,   2,   1,   0,   1,   0
   23372.111,  2009,Finish(1),before,   1,   1,   0,   1,   0
   23372.111,  2009,Finish(1), after,   3,   0,   0,   1,   1
   23390.545,  2012,Finish(2),before,   2,   0,   0,   1,   1
   23390.545,  2012,Finish(2), after,   2,   0,   0,   1,   0
   23395.770,  2011,Finish(1),before,   1,   0,   0,   1,   0
   23395.770,  2011,Finish(1), after,   2,   0,   0,   0,   1
   23414.229,  2013,Finish(2),before,   1,   0,   0,   0,   1
   23414.229,  2013,Finish(2), after,   1,   0,   0,   0,   0
   23419.272,  2010,  Arrival,before,   0,   0,   0,   0,   0
   23419.272,  2010,  Arrival, after,   2,   0,   0,   1,   0
   23420.056,  2015,Finish(1),before,   1,   0,   0,   1,   0
   23420.056,  2015,Finish(1), after,   2,   0,   0,   0,   1
   23439.148,  2016,Finish(2),before,   1,   0,   0,   0,   1
   23439.148,  2016,Finish(2), after,   1,   0,   0,   0,   0
   23443.300,  2014,  Arrival,before,   0,   0,   0,   0,   0
   23443.300,  2014,  Arrival, after,   2,   0,   0,   1,   0
   23449.841,  2018,Finish(1),before,   1,   0,   0,   1,   0
   23449.841,  2018,Finish(1), after,   2,   0,   0,   0,   1
   23464.074,  2019,Finish(2),before,   1,   0,   0,   0,   1
   23464.074,  2019,Finish(2), after,   1,   0,   0,   0,   0
   23494.093,  2017,  Arrival,before,   0,   0,   0,   0,   0
   23494.093,  2017,  Arrival, after,   2,   0,   0,   1,   0
   23509.919,  2020,  Arrival,before,   1,   0,   0,   1,   0
   23509.919,  2020,  Arrival, after,   2,   1,   0,   1,   0
   23514.394,  2021,Finish(1),before,   1,   1,   0,   1,   0
   23514.394,  2021,Finish(1), after,   3,   0,   0,   1,   1
   23527.296,  2024,Finish(2),before,   2,   0,   0,   1,   1
   23527.296,  2024,Finish(2), after,   2,   0,   0,   1,   0
   23534.076,  2022,  Arrival,before,   1,   0,   0,   1,   0
   23534.076,  2022,  Arrival, after,   2,   1,   0,   1,   0
   23538.723,  2023,Finish(1),before,   1,   1,   0,   1,   0
   23538.723,  2023,Finish(1), after,   3,   0,   0,   1,   1
   23540.045,  2026,Finish(1),before,   2,   0,   0,   1,   1
   23540.045,  2026,Finish(1), after,   2,   0,   1,   0,   1
   23550.618,  2025,  Arrival,before,   1,   0,   1,   0,   1
   23550.618,  2025,  Arrival, after,   3,   0,   1,   1,   1
   23554.890,  2027,Finish(2),before,   2,   0,   1,   1,   1
   23554.890,  2027,Finish(2), after,   3,   0,   0,   1,   1
   23567.492,  2030,Finish(2),before,   2,   0,   0,   1,   1
   23567.492,  2030,Finish(2), after,   2,   0,   0,   1,   0
   23569.014,  2028,  Arrival,before,   1,   0,   0,   1,   0
   23569.014,  2028,  Arrival, after,   2,   1,   0,   1,   0
   23572.776,  2029,Finish(1),before,   1,   1,   0,   1,   0
   23572.776,  2029,Finish(1), after,   3,   0,   0,   1,   1
   23578.586,  2032,Finish(1),before,   2,   0,   0,   1,   1
   23578.586,  2032,Finish(1), after,   2,   0,   1,   0,   1
   23590.204,  2033,Finish(2),before,   1,   0,   1,   0,   1
   23590.204,  2033,Finish(2), after,   2,   0,   0,   0,   1
   23592.570,  2031,  Arrival,before,   1,   0,   0,   0,   1
   23592.570,  2031,  Arrival, after,   3,   0,   0,   1,   1
   23597.494,  2036,Finish(1),before,   2,   0,   0,   1,   1
   23597.494,  2036,Finish(1), after,   2,   0,   1,   0,   1
   23607.178,  2034,Finish(2),before,   1,   0,   1,   0,   1
   23607.178,  2034,Finish(2), after,   2,   0,   0,   0,   1
   23622.333,  2035,  Arrival,before,   1,   0,   0,   0,   1
   23622.333,  2035,  Arrival, after,   3,   0,   0,   1,   1
   23622.927,  2039,Finish(1),before,   2,   0,   0,   1,   1
   23622.927,  2039,Finish(1), after,   2,   0,   1,   0,   1
   23624.887,  2037,Finish(2),before,   1,   0,   1,   0,   1
   23624.887,  2037,Finish(2), after,   2,   0,   0,   0,   1
   23644.171,  2040,Finish(2),before,   1,   0,   0,   0,   1
   23644.171,  2040,Finish(2), after,   1,   0,   0,   0,   0
   23660.009,  2038,  Arrival,before,   0,   0,   0,   0,   0
   23660.009,  2038,  Arrival, after,   2,   0,   0,   1,   0
   23665.966,  2042,Finish(1),before,   1,   0,   0,   1,   0
   23665.966,  2042,Finish(1), after,   2,   0,   0,   0,   1
   23687.327,  2041,  Arrival,before,   1,   0,   0,   0,   1
   23687.327,  2041,  Arrival, after,   3,   0,   0,   1,   1
   23690.970,  2043,Finish(2),before,   2,   0,   0,   1,   1
   23690.970,  2043,Finish(2), after,   2,   0,   0,   1,   0
   23699.245,  2045,Finish(1),before,   1,   0,   0,   1,   0
   23699.245,  2045,Finish(1), after,   2,   0,   0,   0,   1
   23712.711,  2046,Finish(2),before,   1,   0,   0,   0,   1
   23712.711,  2046,Finish(2), after,   1,   0,   0,   0,   0
   23726.843,  2044,  Arrival,before,   0,   0,   0,   0,   0
   23726.843,  2044,  Arrival, after,   2,   0,   0,   1,   0
   23738.553,  2048,Finish(1),before,   1,   0,   0,   1,   0
   23738.553,  2048,Finish(1), after,   2,   0,   0,   0,   1
   23751.534,  2049,Finish(2),before,   1,   0,   0,   0,   1
   23751.534,  2049,Finish(2), after,   1,   0,   0,   0,   0
   23785.498,  2047,  Arrival,before,   0,   0,   0,   0,   0
   23785.498,  2047,  Arrival, after,   2,   0,   0,   1,   0
   23786.876,  2051,Finish(1),before,   1,   0,   0,   1,   0
   23786.876,  2051,Finish(1), after,   2,   0,   0,   0,   1
   23800.948,  2052,Finish(2),before,   1,   0,   0,   0,   1
   23800.948,  2052,Finish(2), after,   1,   0,   0,   0,   0
   23832.755,  2050,  Arrival,before,   0,   0,   0,   0,   0
   23832.755,  2050,  Arrival, after,   2,   0,   0,   1,   0
   23837.416,  2054,Finish(1),before,   1,   0,   0,   1,   0
   23837.416,  2054,Finish(1), after,   2,   0,   0,   0,   1
   23855.387,  2055,Finish(2),before,   1,   0,   0,   0,   1
   23855.387,  2055,Finish(2), after,   1,   0,   0,   0,   0
   23866.661,  2053,  Arrival,before,   0,   0,   0,   0,   0
   23866.661,  2053,  Arrival, after,   2,   0,   0,   1,   0
   23881.233,  2057,Finish(1),before,   1,   0,   0,   1,   0
   23881.233,  2057,Finish(1), after,   2,   0,   0,   0,   1
   23896.694,  2058,Finish(2),before,   1,   0,   0,   0,   1
   23896.694,  2058,Finish(2), after,   1,   0,   0,   0,   0
   23897.196,  2056,  Arrival,before,   0,   0,   0,   0,   0
   23897.196,  2056,  Arrival, after,   2,   0,   0,   1,   0
   23906.773,  2060,Finish(1),before,   1,   0,   0,   1,   0
   23906.773,  2060,Finish(1), after,   2,   0,   0,   0,   1
   23923.744,  2061,Finish(2),before,   1,   0,   0,   0,   1
   23923.744,  2061,Finish(2), after,   1,   0,   0,   0,   0
   23941.808,  2059,  Arrival,before,   0,   0,   0,   0,   0
   23941.808,  2059,  Arrival, after,   2,   0,   0,   1,   0
   23942.291,  2063,Finish(1),before,   1,   0,   0,   1,   0
   23942.291,  2063,Finish(1), after,   2,   0,   0,   0,   1
   23954.179,  2064,Finish(2),before,   1,   0,   0,   0,   1
   23954.179,  2064,Finish(2), after,   1,   0,   0,   0,   0
   23972.137,  2062,  Arrival,before,   0,   0,   0,   0,   0
   23972.137,  2062,  Arrival, after,   2,   0,   0,   1,   0
   23973.059,  2066,Finish(1),before,   1,   0,   0,   1,   0
   23973.059,  2066,Finish(1), after,   2,   0,   0,   0,   1
   23986.641,  2067,Finish(2),before,   1,   0,   0,   0,   1
   23986.641,  2067,Finish(2), after,   1,   0,   0,   0,   0
   24014.472,  2065,  Arrival,before,   0,   0,   0,   0,   0
   24014.472,  2065,  Arrival, after,   2,   0,   0,   1,   0
   24021.654,  2069,Finish(1),before,   1,   0,   0,   1,   0
   24021.654,  2069,Finish(1), after,   2,   0,   0,   0,   1
   24040.312,  2070,Finish(2),before,   1,   0,   0,   0,   1
   24040.312,  2070,Finish(2), after,   1,   0,   0,   0,   0
   24044.100,  2068,  Arrival,before,   0,   0,   0,   0,   0
   24044.100,  2068,  Arrival, after,   2,   0,   0,   1,   0
   24048.250,  2072,Finish(1),before,   1,   0,   0,   1,   0
   24048.250,  2072,Finish(1), after,   2,   0,   0,   0,   1
   24062.824,  2073,Finish(2),before,   1,   0,   0,   0,   1
   24062.824,  2073,Finish(2), after,   1,   0,   0,   0,   0
   24088.440,  2071,  Arrival,before,   0,   0,   0,   0,   0
   24088.440,  2071,  Arrival, after,   2,   0,   0,   1,   0
   24114.202,  2075,Finish(1),before,   1,   0,   0,   1,   0
   24114.202,  2075,Finish(1), after,   2,   0,   0,   0,   1
   24121.101,  2074,  Arrival,before,   1,   0,   0,   0,   1
   24121.101,  2074,  Arrival, after,   3,   0,   0,   1,   1
   24131.026,  2076,Finish(2),before,   2,   0,   0,   1,   1
   24131.026,  2076,Finish(2), after,   2,   0,   0,   1,   0
   24166.783,  2077,  Arrival,before,   1,   0,   0,   1,   0
   24166.783,  2077,  Arrival, after,   2,   1,   0,   1,   0
   24173.673,  2078,Finish(1),before,   1,   1,   0,   1,   0
   24173.673,  2078,Finish(1), after,   3,   0,   0,   1,   1
   24179.286,  2080,Finish(1),before,   2,   0,   0,   1,   1
   24179.286,  2080,Finish(1), after,   2,   0,   1,   0,   1
   24186.152,  2079,  Arrival,before,   1,   0,   1,   0,   1
   24186.152,  2079,  Arrival, after,   3,   0,   1,   1,   1
   24188.647,  2081,Finish(2),before,   2,   0,   1,   1,   1
   24188.647,  2081,Finish(2), after,   3,   0,   0,   1,   1
   24198.803,  2084,Finish(2),before,   2,   0,   0,   1,   1
   24198.803,  2084,Finish(2), after,   2,   0,   0,   1,   0
   24199.517,  2083,Finish(1),before,   1,   0,   0,   1,   0
   24199.517,  2083,Finish(1), after,   2,   0,   0,   0,   1
   24219.077,  2085,Finish(2),before,   1,   0,   0,   0,   1
   24219.077,  2085,Finish(2), after,   1,   0,   0,   0,   0
   24243.306,  2082,  Arrival,before,   0,   0,   0,   0,   0
   24243.306,  2082,  Arrival, after,   2,   0,   0,   1,   0
   24243.779,  2087,Finish(1),before,   1,   0,   0,   1,   0
   24243.779,  2087,Finish(1), after,   2,   0,   0,   0,   1
   24258.555,  2088,Finish(2),before,   1,   0,   0,   0,   1
   24258.555,  2088,Finish(2), after,   1,   0,   0,   0,   0
   24286.406,  2086,  Arrival,before,   0,   0,   0,   0,   0
   24286.406,  2086,  Arrival, after,   2,   0,   0,   1,   0
   24301.098,  2090,Finish(1),before,   1,   0,   0,   1,   0
   24301.098,  2090,Finish(1), after,   2,   0,   0,   0,   1
   24319.354,  2091,Finish(2),before,   1,   0,   0,   0,   1
   24319.354,  2091,Finish(2), after,   1,   0,   0,   0,   0
   24331.512,  2089,  Arrival,before,   0,   0,   0,   0,   0
   24331.512,  2089,  Arrival, after,   2,   0,   0,   1,   0
   24346.450,  2093,Finish(1),before,   1,   0,   0,   1,   0
   24346.450,  2093,Finish(1), after,   2,   0,   0,   0,   1
   24360.080,  2094,Finish(2),before,   1,   0,   0,   0,   1
   24360.080,  2094,Finish(2), after,   1,   0,   0,   0,   0
   24361.508,  2092,  Arrival,before,   0,   0,   0,   0,   0
   24361.508,  2092,  Arrival, after,   2,   0,   0,   1,   0
   24390.653,  2096,Finish(1),before,   1,   0,   0,   1,   0
   24390.653,  2096,Finish(1), after,   2,   0,   0,   0,   1
   24408.745,  2097,Finish(2),before,   1,   0,   0,   0,   1
   24408.745,  2097,Finish(2), after,   1,   0,   0,   0,   0
   24414.177,  2095,  Arrival,before,   0,   0,   0,   0,   0
   24414.177,  2095,  Arrival, after,   2,   0,   0,   1,   0
   24442.886,  2098,  Arrival,before,   1,   0,   0,   1,   0
   24442.886,  2098,  Arrival, after,   2,   1,   0,   1,   0
   24456.886,  2099,Finish(1),before,   1,   1,   0,   1,   0
   24456.886,  2099,Finish(1), after,   3,   0,   0,   1,   1
   24459.688,  2101,Finish(1),before,   2,   0,   0,   1,   1
   24459.688,  2101,Finish(1), after,   2,   0,   1,   0,   1
   24472.134,  2102,Finish(2),before,   1,   0,   1,   0,   1
   24472.134,  2102,Finish(2), after,   2,   0,   0,   0,   1
   24481.330,  2103,Finish(2),before,   1,   0,   0,   0,   1
   24481.330,  2103,Finish(2), after,   1,   0,   0,   0,   0
   24487.351,  2100,  Arrival,before,   0,   0,   0,   0,   0
   24487.351,  2100,  Arrival, after,   2,   0,   0,   1,   0
   24504.952,  2105,Finish(1),before,   1,   0,   0,   1,   0
   24504.952,  2105,Finish(1), after,   2,   0,   0,   0,   1
   24522.658,  2106,Finish(2),before,   1,   0,   0,   0,   1
   24522.658,  2106,Finish(2), after,   1,   0,   0,   0,   0
   24526.350,  2104,  Arrival,before,   0,   0,   0,   0,   0
   24526.350,  2104,  Arrival, after,   2,   0,   0,   1,   0
   24536.952,  2108,Finish(1),before,   1,   0,   0,   1,   0
   24536.952,  2108,Finish(1), after,   2,   0,   0,   0,   1
   24543.556,  2109,Finish(2),before,   1,   0,   0,   0,   1
   24543.556,  2109,Finish(2), after,   1,   0,   0,   0,   0
   24554.798,  2107,  Arrival,before,   0,   0,   0,   0,   0
   24554.798,  2107,  Arrival, after,   2,   0,   0,   1,   0
   24589.818,  2111,Finish(1),before,   1,   0,   0,   1,   0
   24589.818,  2111,Finish(1), after,   2,   0,   0,   0,   1
   24598.997,  2110,  Arrival,before,   1,   0,   0,   0,   1
   24598.997,  2110,  Arrival, after,   3,   0,   0,   1,   1
   24604.086,  2114,Finish(1),before,   2,   0,   0,   1,   1
   24604.086,  2114,Finish(1), after,   2,   0,   1,   0,   1
   24609.438,  2112,Finish(2),before,   1,   0,   1,   0,   1
   24609.438,  2112,Finish(2), after,   2,   0,   0,   0,   1
   24627.974,  2115,Finish(2),before,   1,   0,   0,   0,   1
   24627.974,  2115,Finish(2), after,   1,   0,   0,   0,   0
   24656.641,  2113,  Arrival,before,   0,   0,   0,   0,   0
   24656.641,  2113,  Arrival, after,   2,   0,   0,   1,   0
   24659.740,  2117,Finish(1),before,   1,   0,   0,   1,   0
   24659.740,  2117,Finish(1), after,   2,   0,   0,   0,   1
   24675.177,  2118,Finish(2),before,   1,   0,   0,   0,   1
   24675.177,  2118,Finish(2), after,   1,   0,   0,   0,   0
   24702.563,  2116,  Arrival,before,   0,   0,   0,   0,   0
   24702.563,  2116,  Arrival, after,   2,   0,   0,   1,   0
   24705.386,  2120,Finish(1),before,   1,   0,   0,   1,   0
   24705.386,  2120,Finish(1), after,   2,   0,   0,   0,   1
   24718.940,  2121,Finish(2),before,   1,   0,   0,   0,   1
   24718.940,  2121,Finish(2), after,   1,   0,   0,   0,   0
   24760.406,  2119,  Arrival,before,   0,   0,   0,   0,   0
   24760.406,  2119,  Arrival, after,   2,   0,   0,   1,   0
   24761.973,  2123,Finish(1),before,   1,   0,   0,   1,   0
   24761.973,  2123,Finish(1), after,   2,   0,   0,   0,   1
   24776.672,  2124,Finish(2),before,   1,   0,   0,   0,   1
   24776.672,  2124,Finish(2), after,   1,   0,   0,   0,   0
   24813.927,  2122,  Arrival,before,   0,   0,   0,   0,   0
   24813.927,  2122,  Arrival, after,   2,   0,   0,   1,   0
   24817.283,  2126,Finish(1),before,   1,   0,   0,   1,   0
   24817.283,  2126,Finish(1), after,   2,   0,   0,   0,   1
   24831.339,  2127,Finish(2),before,   1,   0,   0,   0,   1
   24831.339,  2127,Finish(2), after,   1,   0,   0,   0,   0
   24855.641,  2125,  Arrival,before,   0,   0,   0,   0,   0
   24855.641,  2125,  Arrival, after,   2,   0,   0,   1,   0
   24855.698,  2129,Finish(1),before,   1,   0,   0,   1,   0
   24855.698,  2129,Finish(1), after,   2,   0,   0,   0,   1
   24874.733,  2130,Finish(2),before,   1,   0,   0,   0,   1
   24874.733,  2130,Finish(2), after,   1,   0,   0,   0,   0
   24882.731,  2128,  Arrival,before,   0,   0,   0,   0,   0
   24882.731,  2128,  Arrival, after,   2,   0,   0,   1,   0
   24885.156,  2132,Finish(1),before,   1,   0,   0,   1,   0
   24885.156,  2132,Finish(1), after,   2,   0,   0,   0,   1
   24897.768,  2133,Finish(2),before,   1,   0,   0,   0,   1
   24897.768,  2133,Finish(2), after,   1,   0,   0,   0,   0
   24916.941,  2131,  Arrival,before,   0,   0,   0,   0,   0
   24916.941,  2131,  Arrival, after,   2,   0,   0,   1,   0
   24938.852,  2135,Finish(1),before,   1,   0,   0,   1,   0
   24938.852,  2135,Finish(1), after,   2,   0,   0,   0,   1
   24956.540,  2136,Finish(2),before,   1,   0,   0,   0,   1
   24956.540,  2136,Finish(2), after,   1,   0,   0,   0,   0
   24959.088,  2134,  Arrival,before,   0,   0,   0,   0,   0
   24959.088,  2134,  Arrival, after,   2,   0,   0,   1,   0
   24965.919,  2138,Finish(1),before,   1,   0,   0,   1,   0
   24965.919,  2138,Finish(1), after,   2,   0,   0,   0,   1
   24980.696,  2139,Finish(2),before,   1,   0,   0,   0,   1
   24980.696,  2139,Finish(2), after,   1,   0,   0,   0,   0
   25007.255,  2137,  Arrival,before,   0,   0,   0,   0,   0
   25007.255,  2137,  Arrival, after,   2,   0,   0,   1,   0
   25023.211,  2141,Finish(1),before,   1,   0,   0,   1,   0
   25023.211,  2141,Finish(1), after,   2,   0,   0,   0,   1
   25031.114,  2140,  Arrival,before,   1,   0,   0,   0,   1
   25031.114,  2140,  Arrival, after,   3,   0,   0,   1,   1
   25035.148,  2142,Finish(2),before,   2,   0,   0,   1,   1
   25035.148,  2142,Finish(2), after,   2,   0,   0,   1,   0
   25056.425,  2144,Finish(1),before,   1,   0,   0,   1,   0
   25056.425,  2144,Finish(1), after,   2,   0,   0,   0,   1
   25071.244,  2145,Finish(2),before,   1,   0,   0,   0,   1
   25071.244,  2145,Finish(2), after,   1,   0,   0,   0,   0
   25082.870,  2143,  Arrival,before,   0,   0,   0,   0,   0
   25082.870,  2143,  Arrival, after,   2,   0,   0,   1,   0
   25083.649,  2147,Finish(1),before,   1,   0,   0,   1,   0
   25083.649,  2147,Finish(1), after,   2,   0,   0,   0,   1
   25100.983,  2148,Finish(2),before,   1,   0,   0,   0,   1
   25100.983,  2148,Finish(2), after,   1,   0,   0,   0,   0
   25111.167,  2146,  Arrival,before,   0,   0,   0,   0,   0
   25111.167,  2146,  Arrival, after,   2,   0,   0,   1,   0
   25120.371,  2150,Finish(1),before,   1,   0,   0,   1,   0
   25120.371,  2150,Finish(1), after,   2,   0,   0,   0,   1
   25139.018,  2151,Finish(2),before,   1,   0,   0,   0,   1
   25139.018,  2151,Finish(2), after,   1,   0,   0,   0,   0
   25166.559,  2149,  Arrival,before,   0,   0,   0,   0,   0
   25166.559,  2149,  Arrival, after,   2,   0,   0,   1,   0
   25172.137,  2153,Finish(1),before,   1,   0,   0,   1,   0
   25172.137,  2153,Finish(1), after,   2,   0,   0,   0,   1
   25184.183,  2154,Finish(2),before,   1,   0,   0,   0,   1
   25184.183,  2154,Finish(2), after,   1,   0,   0,   0,   0
   25194.391,  2152,  Arrival,before,   0,   0,   0,   0,   0
   25194.391,  2152,  Arrival, after,   2,   0,   0,   1,   0
   25194.472,  2156,Finish(1),before,   1,   0,   0,   1,   0
   25194.472,  2156,Finish(1), after,   2,   0,   0,   0,   1
   25208.613,  2157,Finish(2),before,   1,   0,   0,   0,   1
   25208.613,  2157,Finish(2), after,   1,   0,   0,   0,   0
   25209.169,  2155,  Arrival,before,   0,   0,   0,   0,   0
   25209.169,  2155,  Arrival, after,   2,   0,   0,   1,   0
   25210.862,  2159,Finish(1),before,   1,   0,   0,   1,   0
   25210.862,  2159,Finish(1), after,   2,   0,   0,   0,   1
   25227.915,  2160,Finish(2),before,   1,   0,   0,   0,   1
   25227.915,  2160,Finish(2), after,   1,   0,   0,   0,   0
   25232.456,  2158,  Arrival,before,   0,   0,   0,   0,   0
   25232.456,  2158,  Arrival, after,   2,   0,   0,   1,   0
   25237.116,  2162,Finish(1),before,   1,   0,   0,   1,   0
   25237.116,  2162,Finish(1), after,   2,   0,   0,   0,   1
   25245.216,  2161,  Arrival,before,   1,   0,   0,   0,   1
   25245.216,  2161,  Arrival, after,   3,   0,   0,   1,   1
   25248.258,  2163,Finish(2),before,   2,   0,   0,   1,   1
   25248.258,  2163,Finish(2), after,   2,   0,   0,   1,   0
   25259.472,  2165,Finish(1),before,   1,   0,   0,   1,   0
   25259.472,  2165,Finish(1), after,   2,   0,   0,   0,   1
   25274.874,  2166,Finish(2),before,   1,   0,   0,   0,   1
   25274.874,  2166,Finish(2), after,   1,   0,   0,   0,   0
   25279.959,  2164,  Arrival,before,   0,   0,   0,   0,   0
   25279.959,  2164,  Arrival, after,   2,   0,   0,   1,   0
   25280.061,  2168,Finish(1),before,   1,   0,   0,   1,   0
   25280.061,  2168,Finish(1), after,   2,   0,   0,   0,   1
   25294.790,  2169,Finish(2),before,   1,   0,   0,   0,   1
   25294.790,  2169,Finish(2), after,   1,   0,   0,   0,   0
   25309.654,  2167,  Arrival,before,   0,   0,   0,   0,   0
   25309.654,  2167,  Arrival, after,   2,   0,   0,   1,   0
   25310.521,  2171,Finish(1),before,   1,   0,   0,   1,   0
   25310.521,  2171,Finish(1), after,   2,   0,   0,   0,   1
   25323.550,  2172,Finish(2),before,   1,   0,   0,   0,   1
   25323.550,  2172,Finish(2), after,   1,   0,   0,   0,   0
   25331.308,  2170,  Arrival,before,   0,   0,   0,   0,   0
   25331.308,  2170,  Arrival, after,   2,   0,   0,   1,   0
   25349.245,  2174,Finish(1),before,   1,   0,   0,   1,   0
   25349.245,  2174,Finish(1), after,   2,   0,   0,   0,   1
   25365.299,  2175,Finish(2),before,   1,   0,   0,   0,   1
   25365.299,  2175,Finish(2), after,   1,   0,   0,   0,   0
   25375.218,  2173,  Arrival,before,   0,   0,   0,   0,   0
   25375.218,  2173,  Arrival, after,   2,   0,   0,   1,   0
   25390.512,  2177,Finish(1),before,   1,   0,   0,   1,   0
   25390.512,  2177,Finish(1), after,   2,   0,   0,   0,   1
   25393.945,  2176,  Arrival,before,   1,   0,   0,   0,   1
   25393.945,  2176,  Arrival, after,   3,   0,   0,   1,   1
   25404.054,  2178,Finish(2),before,   2,   0,   0,   1,   1
   25404.054,  2178,Finish(2), after,   2,   0,   0,   1,   0
   25407.175,  2180,Finish(1),before,   1,   0,   0,   1,   0
   25407.175,  2180,Finish(1), after,   2,   0,   0,   0,   1
   25421.031,  2181,Finish(2),before,   1,   0,   0,   0,   1
   25421.031,  2181,Finish(2), after,   1,   0,   0,   0,   0
   25445.127,  2179,  Arrival,before,   0,   0,   0,   0,   0
   25445.127,  2179,  Arrival, after,   2,   0,   0,   1,   0
   25450.646,  2183,Finish(1),before,   1,   0,   0,   1,   0
   25450.646,  2183,Finish(1), after,   2,   0,   0,   0,   1
   25466.970,  2184,Finish(2),before,   1,   0,   0,   0,   1
   25466.970,  2184,Finish(2), after,   1,   0,   0,   0,   0
   25474.763,  2182,  Arrival,before,   0,   0,   0,   0,   0
   25474.763,  2182,  Arrival, after,   2,   0,   0,   1,   0
   25478.473,  2186,Finish(1),before,   1,   0,   0,   1,   0
   25478.473,  2186,Finish(1), after,   2,   0,   0,   0,   1
   25497.176,  2187,Finish(2),before,   1,   0,   0,   0,   1
   25497.176,  2187,Finish(2), after,   1,   0,   0,   0,   0
   25506.536,  2185,  Arrival,before,   0,   0,   0,   0,   0
   25506.536,  2185,  Arrival, after,   2,   0,   0,   1,   0
   25507.167,  2189,Finish(1),before,   1,   0,   0,   1,   0
   25507.167,  2189,Finish(1), after,   2,   0,   0,   0,   1
   25526.245,  2190,Finish(2),before,   1,   0,   0,   0,   1
   25526.245,  2190,Finish(2), after,   1,   0,   0,   0,   0
   25556.397,  2188,  Arrival,before,   0,   0,   0,   0,   0
   25556.397,  2188,  Arrival, after,   2,   0,   0,   1,   0
   25560.494,  2192,Finish(1),before,   1,   0,   0,   1,   0
   25560.494,  2192,Finish(1), after,   2,   0,   0,   0,   1
   25573.365,  2193,Finish(2),before,   1,   0,   0,   0,   1
   25573.365,  2193,Finish(2), after,   1,   0,   0,   0,   0
   25586.332,  2191,  Arrival,before,   0,   0,   0,   0,   0
   25586.332,  2191,  Arrival, after,   2,   0,   0,   1,   0
   25590.589,  2195,Finish(1),before,   1,   0,   0,   1,   0
   25590.589,  2195,Finish(1), after,   2,   0,   0,   0,   1
   25605.521,  2196,Finish(2),before,   1,   0,   0,   0,   1
   25605.521,  2196,Finish(2), after,   1,   0,   0,   0,   0
   25631.348,  2194,  Arrival,before,   0,   0,   0,   0,   0
   25631.348,  2194,  Arrival, after,   2,   0,   0,   1,   0
   25640.166,  2198,Finish(1),before,   1,   0,   0,   1,   0
   25640.166,  2198,Finish(1), after,   2,   0,   0,   0,   1
   25655.016,  2199,Finish(2),before,   1,   0,   0,   0,   1
   25655.016,  2199,Finish(2), after,   1,   0,   0,   0,   0
   25671.238,  2197,  Arrival,before,   0,   0,   0,   0,   0
   25671.238,  2197,  Arrival, after,   2,   0,   0,   1,   0
   25682.943,  2200,  Arrival,before,   1,   0,   0,   1,   0
   25682.943,  2200,  Arrival, after,   2,   1,   0,   1,   0
   25684.282,  2201,Finish(1),before,   1,   1,   0,   1,   0
   25684.282,  2201,Finish(1), after,   3,   0,   0,   1,   1
   25686.128,  2203,Finish(1),before,   2,   0,   0,   1,   1
   25686.128,  2203,Finish(1), after,   2,   0,   1,   0,   1
   25700.226,  2204,Finish(2),before,   1,   0,   1,   0,   1
   25700.226,  2204,Finish(2), after,   2,   0,   0,   0,   1
   25716.725,  2205,Finish(2),before,   1,   0,   0,   0,   1
   25716.725,  2205,Finish(2), after,   1,   0,   0,   0,   0
   25731.735,  2202,  Arrival,before,   0,   0,   0,   0,   0
   25731.735,  2202,  Arrival, after,   2,   0,   0,   1,   0
   25742.620,  2207,Finish(1),before,   1,   0,   0,   1,   0
   25742.620,  2207,Finish(1), after,   2,   0,   0,   0,   1
   25760.753,  2208,Finish(2),before,   1,   0,   0,   0,   1
   25760.753,  2208,Finish(2), after,   1,   0,   0,   0,   0
   25764.380,  2206,  Arrival,before,   0,   0,   0,   0,   0
   25764.380,  2206,  Arrival, after,   2,   0,   0,   1,   0
   25778.105,  2210,Finish(1),before,   1,   0,   0,   1,   0
   25778.105,  2210,Finish(1), after,   2,   0,   0,   0,   1
   25787.234,  2209,  Arrival,before,   1,   0,   0,   0,   1
   25787.234,  2209,  Arrival, after,   3,   0,   0,   1,   1
   25793.082,  2213,Finish(1),before,   2,   0,   0,   1,   1
   25793.082,  2213,Finish(1), after,   2,   0,   1,   0,   1
   25799.065,  2211,Finish(2),before,   1,   0,   1,   0,   1
   25799.065,  2211,Finish(2), after,   2,   0,   0,   0,   1
   25817.302,  2214,Finish(2),before,   1,   0,   0,   0,   1
   25817.302,  2214,Finish(2), after,   1,   0,   0,   0,   0
   25828.894,  2212,  Arrival,before,   0,   0,   0,   0,   0
   25828.894,  2212,  Arrival, after,   2,   0,   0,   1,   0
   25839.210,  2216,Finish(1),before,   1,   0,   0,   1,   0
   25839.210,  2216,Finish(1), after,   2,   0,   0,   0,   1
   25856.563,  2217,Finish(2),before,   1,   0,   0,   0,   1
   25856.563,  2217,Finish(2), after,   1,   0,   0,   0,   0
   25866.595,  2215,  Arrival,before,   0,   0,   0,   0,   0
   25866.595,  2215,  Arrival, after,   2,   0,   0,   1,   0
   25878.755,  2219,Finish(1),before,   1,   0,   0,   1,   0
   25878.755,  2219,Finish(1), after,   2,   0,   0,   0,   1
   25882.652,  2218,  Arrival,before,   1,   0,   0,   0,   1
   25882.652,  2218,  Arrival, after,   3,   0,   0,   1,   1
   25886.667,  2222,Finish(1),before,   2,   0,   0,   1,   1
   25886.667,  2222,Finish(1), after,   2,   0,   1,   0,   1
   25893.630,  2220,Finish(2),before,   1,   0,   1,   0,   1
   25893.630,  2220,Finish(2), after,   2,   0,   0,   0,   1
   25904.965,  2223,Finish(2),before,   1,   0,   0,   0,   1
   25904.965,  2223,Finish(2), after,   1,   0,   0,   0,   0
   25911.974,  2221,  Arrival,before,   0,   0,   0,   0,   0
   25911.974,  2221,  Arrival, after,   2,   0,   0,   1,   0
   25929.020,  2225,Finish(1),before,   1,   0,   0,   1,   0
   25929.020,  2225,Finish(1), after,   2,   0,   0,   0,   1
   25947.595,  2226,Finish(2),before,   1,   0,   0,   0,   1
   25947.595,  2226,Finish(2), after,   1,   0,   0,   0,   0
   25953.939,  2224,  Arrival,before,   0,   0,   0,   0,   0
   25953.939,  2224,  Arrival, after,   2,   0,   0,   1,   0
   25956.103,  2228,Finish(1),before,   1,   0,   0,   1,   0
   25956.103,  2228,Finish(1), after,   2,   0,   0,   0,   1
   25969.238,  2229,Finish(2),before,   1,   0,   0,   0,   1
   25969.238,  2229,Finish(2), after,   1,   0,   0,   0,   0
   25974.374,  2227,  Arrival,before,   0,   0,   0,   0,   0
   25974.374,  2227,  Arrival, after,   2,   0,   0,   1,   0
   25980.683,  2231,Finish(1),before,   1,   0,   0,   1,   0
   25980.683,  2231,Finish(1), after,   2,   0,   0,   0,   1
   25994.167,  2232,Finish(2),before,   1,   0,   0,   0,   1
   25994.167,  2232,Finish(2), after,   1,   0,   0,   0,   0
   26015.612,  2230,  Arrival,before,   0,   0,   0,   0,   0
   26015.612,  2230,  Arrival, after,   2,   0,   0,   1,   0
   26028.663,  2234,Finish(1),before,   1,   0,   0,   1,   0
   26028.663,  2234,Finish(1), after,   2,   0,   0,   0,   1
   26049.490,  2235,Finish(2),before,   1,   0,   0,   0,   1
   26049.490,  2235,Finish(2), after,   1,   0,   0,   0,   0
   26055.062,  2233,  Arrival,before,   0,   0,   0,   0,   0
   26055.062,  2233,  Arrival, after,   2,   0,   0,   1,   0
   26062.909,  2237,Finish(1),before,   1,   0,   0,   1,   0
   26062.909,  2237,Finish(1), after,   2,   0,   0,   0,   1
   26068.566,  2236,  Arrival,before,   1,   0,   0,   0,   1
   26068.566,  2236,  Arrival, after,   3,   0,   0,   1,   1
   26073.630,  2238,Finish(2),before,   2,   0,   0,   1,   1
   26073.630,  2238,Finish(2), after,   2,   0,   0,   1,   0
   26088.867,  2240,Finish(1),before,   1,   0,   0,   1,   0
   26088.867,  2240,Finish(1), after,   2,   0,   0,   0,   1
   26094.903,  2239,  Arrival,before,   1,   0,   0,   0,   1
   26094.903,  2239,  Arrival, after,   3,   0,   0,   1,   1
   26100.210,  2241,Finish(2),before,   2,   0,   0,   1,   1
   26100.210,  2241,Finish(2), after,   2,   0,   0,   1,   0
   26107.656,  2243,Finish(1),before,   1,   0,   0,   1,   0
   26107.656,  2243,Finish(1), after,   2,   0,   0,   0,   1
   26124.888,  2242,  Arrival,before,   1,   0,   0,   0,   1
   26124.888,  2242,  Arrival, after,   3,   0,   0,   1,   1
   26126.502,  2246,Finish(1),before,   2,   0,   0,   1,   1
   26126.502,  2246,Finish(1), after,   2,   0,   1,   0,   1
   26127.263,  2244,Finish(2),before,   1,   0,   1,   0,   1
   26127.263,  2244,Finish(2), after,   2,   0,   0,   0,   1
   26144.392,  2247,Finish(2),before,   1,   0,   0,   0,   1
   26144.392,  2247,Finish(2), after,   1,   0,   0,   0,   0
   26154.714,  2245,  Arrival,before,   0,   0,   0,   0,   0
   26154.714,  2245,  Arrival, after,   2,   0,   0,   1,   0
   26166.994,  2249,Finish(1),before,   1,   0,   0,   1,   0
   26166.994,  2249,Finish(1), after,   2,   0,   0,   0,   1
   26180.902,  2250,Finish(2),before,   1,   0,   0,   0,   1
   26180.902,  2250,Finish(2), after,   1,   0,   0,   0,   0
   26211.415,  2248,  Arrival,before,   0,   0,   0,   0,   0
   26211.415,  2248,  Arrival, after,   2,   0,   0,   1,   0
   26218.005,  2252,Finish(1),before,   1,   0,   0,   1,   0
   26218.005,  2252,Finish(1), after,   2,   0,   0,   0,   1
   26235.528,  2253,Finish(2),before,   1,   0,   0,   0,   1
   26235.528,  2253,Finish(2), after,   1,   0,   0,   0,   0
   26244.363,  2251,  Arrival,before,   0,   0,   0,   0,   0
   26244.363,  2251,  Arrival, after,   2,   0,   0,   1,   0
   26253.897,  2255,Finish(1),before,   1,   0,   0,   1,   0
   26253.897,  2255,Finish(1), after,   2,   0,   0,   0,   1
   26271.558,  2256,Finish(2),before,   1,   0,   0,   0,   1
   26271.558,  2256,Finish(2), after,   1,   0,   0,   0,   0
   26276.643,  2254,  Arrival,before,   0,   0,   0,   0,   0
   26276.643,  2254,  Arrival, after,   2,   0,   0,   1,   0
   26304.460,  2257,  Arrival,before,   1,   0,   0,   1,   0
   26304.460,  2257,  Arrival, after,   2,   1,   0,   1,   0
   26318.030,  2258,Finish(1),before,   1,   1,   0,   1,   0
   26318.030,  2258,Finish(1), after,   3,   0,   0,   1,   1
   26319.661,  2260,Finish(1),before,   2,   0,   0,   1,   1
   26319.661,  2260,Finish(1), after,   2,   0,   1,   0,   1
   26336.704,  2261,Finish(2),before,   1,   0,   1,   0,   1
   26336.704,  2261,Finish(2), after,   2,   0,   0,   0,   1
   26353.870,  2262,Finish(2),before,   1,   0,   0,   0,   1
   26353.870,  2262,Finish(2), after,   1,   0,   0,   0,   0
   26360.318,  2259,  Arrival,before,   0,   0,   0,   0,   0
   26360.318,  2259,  Arrival, after,   2,   0,   0,   1,   0
   26361.097,  2264,Finish(1),before,   1,   0,   0,   1,   0
   26361.097,  2264,Finish(1), after,   2,   0,   0,   0,   1
   26376.028,  2265,Finish(2),before,   1,   0,   0,   0,   1
   26376.028,  2265,Finish(2), after,   1,   0,   0,   0,   0
   26411.582,  2263,  Arrival,before,   0,   0,   0,   0,   0
   26411.582,  2263,  Arrival, after,   2,   0,   0,   1,   0
   26411.664,  2267,Finish(1),before,   1,   0,   0,   1,   0
   26411.664,  2267,Finish(1), after,   2,   0,   0,   0,   1
   26428.947,  2266,  Arrival,before,   1,   0,   0,   0,   1
   26428.947,  2266,  Arrival, after,   3,   0,   0,   1,   1
   26430.199,  2268,Finish(2),before,   2,   0,   0,   1,   1
   26430.199,  2268,Finish(2), after,   2,   0,   0,   1,   0
   26452.202,  2270,Finish(1),before,   1,   0,   0,   1,   0
   26452.202,  2270,Finish(1), after,   2,   0,   0,   0,   1
   26465.065,  2271,Finish(2),before,   1,   0,   0,   0,   1
   26465.065,  2271,Finish(2), after,   1,   0,   0,   0,   0
   26473.133,  2269,  Arrival,before,   0,   0,   0,   0,   0
   26473.133,  2269,  Arrival, after,   2,   0,   0,   1,   0
   26475.666,  2273,Finish(1),before,   1,   0,   0,   1,   0
   26475.666,  2273,Finish(1), after,   2,   0,   0,   0,   1
   26493.826,  2274,Finish(2),before,   1,   0,   0,   0,   1
   26493.826,  2274,Finish(2), after,   1,   0,   0,   0,   0
   26520.072,  2272,  Arrival,before,   0,   0,   0,   0,   0
   26520.072,  2272,  Arrival, after,   2,   0,   0,   1,   0
   26543.923,  2276,Finish(1),before,   1,   0,   0,   1,   0
   26543.923,  2276,Finish(1), after,   2,   0,   0,   0,   1
   26558.917,  2277,Finish(2),before,   1,   0,   0,   0,   1
   26558.917,  2277,Finish(2), after,   1,   0,   0,   0,   0
   26572.961,  2275,  Arrival,before,   0,   0,   0,   0,   0
   26572.961,  2275,  Arrival, after,   2,   0,   0,   1,   0
   26586.188,  2279,Finish(1),before,   1,   0,   0,   1,   0
   26586.188,  2279,Finish(1), after,   2,   0,   0,   0,   1
   26595.546,  2278,  Arrival,before,   1,   0,   0,   0,   1
   26595.546,  2278,  Arrival, after,   3,   0,   0,   1,   1
   26599.665,  2280,Finish(2),before,   2,   0,   0,   1,   1
   26599.665,  2280,Finish(2), after,   2,   0,   0,   1,   0
   26623.407,  2281,  Arrival,before,   1,   0,   0,   1,   0
   26623.407,  2281,  Arrival, after,   2,   1,   0,   1,   0
   26625.677,  2282,Finish(1),before,   1,   1,   0,   1,   0
   26625.677,  2282,Finish(1), after,   3,   0,   0,   1,   1
   26645.783,  2285,Finish(2),before,   2,   0,   0,   1,   1
   26645.783,  2285,Finish(2), after,   2,   0,   0,   1,   0
   26672.653,  2284,Finish(1),before,   1,   0,   0,   1,   0
   26672.653,  2284,Finish(1), after,   2,   0,   0,   0,   1
   26677.629,  2283,  Arrival,before,   1,   0,   0,   0,   1
   26677.629,  2283,  Arrival, after,   3,   0,   0,   1,   1
   26689.941,  2286,Finish(2),before,   2,   0,   0,   1,   1
   26689.941,  2286,Finish(2), after,   2,   0,   0,   1,   0
   26692.982,  2288,Finish(1),before,   1,   0,   0,   1,   0
   26692.982,  2288,Finish(1), after,   2,   0,   0,   0,   1
   26707.890,  2289,Finish(2),before,   1,   0,   0,   0,   1
   26707.890,  2289,Finish(2), after,   1,   0,   0,   0,   0
   26735.178,  2287,  Arrival,before,   0,   0,   0,   0,   0
   26735.178,  2287,  Arrival, after,   2,   0,   0,   1,   0
   26735.901,  2291,Finish(1),before,   1,   0,   0,   1,   0
   26735.901,  2291,Finish(1), after,   2,   0,   0,   0,   1
   26748.376,  2292,Finish(2),before,   1,   0,   0,   0,   1
   26748.376,  2292,Finish(2), after,   1,   0,   0,   0,   0
   26775.898,  2290,  Arrival,before,   0,   0,   0,   0,   0
   26775.898,  2290,  Arrival, after,   2,   0,   0,   1,   0
   26784.609,  2294,Finish(1),before,   1,   0,   0,   1,   0
   26784.609,  2294,Finish(1), after,   2,   0,   0,   0,   1
   26802.917,  2295,Finish(2),before,   1,   0,   0,   0,   1
   26802.917,  2295,Finish(2), after,   1,   0,   0,   0,   0
   26821.804,  2293,  Arrival,before,   0,   0,   0,   0,   0
   26821.804,  2293,  Arrival, after,   2,   0,   0,   1,   0
   26822.428,  2297,Finish(1),before,   1,   0,   0,   1,   0
   26822.428,  2297,Finish(1), after,   2,   0,   0,   0,   1
   26840.086,  2298,Finish(2),before,   1,   0,   0,   0,   1
   26840.086,  2298,Finish(2), after,   1,   0,   0,   0,   0
   26854.476,  2296,  Arrival,before,   0,   0,   0,   0,   0
   26854.476,  2296,  Arrival, after,   2,   0,   0,   1,   0
   26865.596,  2300,Finish(1),before,   1,   0,   0,   1,   0
   26865.596,  2300,Finish(1), after,   2,   0,   0,   0,   1
   26878.452,  2301,Finish(2),before,   1,   0,   0,   0,   1
   26878.452,  2301,Finish(2), after,   1,   0,   0,   0,   0
   26902.948,  2299,  Arrival,before,   0,   0,   0,   0,   0
   26902.948,  2299,  Arrival, after,   2,   0,   0,   1,   0
   26930.218,  2303,Finish(1),before,   1,   0,   0,   1,   0
   26930.218,  2303,Finish(1), after,   2,   0,   0,   0,   1
   26943.785,  2304,Finish(2),before,   1,   0,   0,   0,   1
   26943.785,  2304,Finish(2), after,   1,   0,   0,   0,   0
   26957.802,  2302,  Arrival,before,   0,   0,   0,   0,   0
   26957.802,  2302,  Arrival, after,   2,   0,   0,   1,   0
   26965.657,  2306,Finish(1),before,   1,   0,   0,   1,   0
   26965.657,  2306,Finish(1), after,   2,   0,   0,   0,   1
   26978.699,  2307,Finish(2),before,   1,   0,   0,   0,   1
   26978.699,  2307,Finish(2), after,   1,   0,   0,   0,   0
   27009.012,  2305,  Arrival,before,   0,   0,   0,   0,   0
   27009.012,  2305,  Arrival, after,   2,   0,   0,   1,   0
   27010.007,  2309,Finish(1),before,   1,   0,   0,   1,   0
   27010.007,  2309,Finish(1), after,   2,   0,   0,   0,   1
   27022.790,  2310,Finish(2),before,   1,   0,   0,   0,   1
   27022.790,  2310,Finish(2), after,   1,   0,   0,   0,   0
   27062.775,  2308,  Arrival,before,   0,   0,   0,   0,   0
   27062.775,  2308,  Arrival, after,   2,   0,   0,   1,   0
   27064.450,  2312,Finish(1),before,   1,   0,   0,   1,   0
   27064.450,  2312,Finish(1), after,   2,   0,   0,   0,   1
   27080.694,  2313,Finish(2),before,   1,   0,   0,   0,   1
   27080.694,  2313,Finish(2), after,   1,   0,   0,   0,   0
   27101.708,  2311,  Arrival,before,   0,   0,   0,   0,   0
   27101.708,  2311,  Arrival, after,   2,   0,   0,   1,   0
   27106.683,  2315,Finish(1),before,   1,   0,   0,   1,   0
   27106.683,  2315,Finish(1), after,   2,   0,   0,   0,   1
   27120.749,  2316,Finish(2),before,   1,   0,   0,   0,   1
   27120.749,  2316,Finish(2), after,   1,   0,   0,   0,   0
   27144.313,  2314,  Arrival,before,   0,   0,   0,   0,   0
   27144.313,  2314,  Arrival, after,   2,   0,   0,   1,   0
   27153.596,  2318,Finish(1),before,   1,   0,   0,   1,   0
   27153.596,  2318,Finish(1), after,   2,   0,   0,   0,   1
   27169.458,  2319,Finish(2),before,   1,   0,   0,   0,   1
   27169.458,  2319,Finish(2), after,   1,   0,   0,   0,   0
   27191.216,  2317,  Arrival,before,   0,   0,   0,   0,   0
   27191.216,  2317,  Arrival, after,   2,   0,   0,   1,   0
   27210.280,  2321,Finish(1),before,   1,   0,   0,   1,   0
   27210.280,  2321,Finish(1), after,   2,   0,   0,   0,   1
   27230.751,  2322,Finish(2),before,   1,   0,   0,   0,   1
   27230.751,  2322,Finish(2), after,   1,   0,   0,   0,   0
   27240.464,  2320,  Arrival,before,   0,   0,   0,   0,   0
   27240.464,  2320,  Arrival, after,   2,   0,   0,   1,   0
   27265.603,  2324,Finish(1),before,   1,   0,   0,   1,   0
   27265.603,  2324,Finish(1), after,   2,   0,   0,   0,   1
   27283.594,  2325,Finish(2),before,   1,   0,   0,   0,   1
   27283.594,  2325,Finish(2), after,   1,   0,   0,   0,   0
   27285.253,  2323,  Arrival,before,   0,   0,   0,   0,   0
   27285.253,  2323,  Arrival, after,   2,   0,   0,   1,   0
   27289.904,  2327,Finish(1),before,   1,   0,   0,   1,   0
   27289.904,  2327,Finish(1), after,   2,   0,   0,   0,   1
   27305.950,  2328,Finish(2),before,   1,   0,   0,   0,   1
   27305.950,  2328,Finish(2), after,   1,   0,   0,   0,   0
   27311.353,  2326,  Arrival,before,   0,   0,   0,   0,   0
   27311.353,  2326,  Arrival, after,   2,   0,   0,   1,   0
   27312.867,  2330,Finish(1),before,   1,   0,   0,   1,   0
   27312.867,  2330,Finish(1), after,   2,   0,   0,   0,   1
   27324.754,  2331,Finish(2),before,   1,   0,   0,   0,   1
   27324.754,  2331,Finish(2), after,   1,   0,   0,   0,   0
   27329.444,  2329,  Arrival,before,   0,   0,   0,   0,   0
   27329.444,  2329,  Arrival, after,   2,   0,   0,   1,   0
   27330.054,  2333,Finish(1),before,   1,   0,   0,   1,   0
   27330.054,  2333,Finish(1), after,   2,   0,   0,   0,   1
   27343.228,  2334,Finish(2),before,   1,   0,   0,   0,   1
   27343.228,  2334,Finish(2), after,   1,   0,   0,   0,   0
   27381.783,  2332,  Arrival,before,   0,   0,   0,   0,   0
   27381.783,  2332,  Arrival, after,   2,   0,   0,   1,   0
   27387.169,  2336,Finish(1),before,   1,   0,   0,   1,   0
   27387.169,  2336,Finish(1), after,   2,   0,   0,   0,   1
   27402.351,  2337,Finish(2),before,   1,   0,   0,   0,   1
   27402.351,  2337,Finish(2), after,   1,   0,   0,   0,   0
   27425.354,  2335,  Arrival,before,   0,   0,   0,   0,   0
   27425.354,  2335,  Arrival, after,   2,   0,   0,   1,   0
   27432.969,  2339,Finish(1),before,   1,   0,   0,   1,   0
   27432.969,  2339,Finish(1), after,   2,   0,   0,   0,   1
   27450.771,  2340,Finish(2),before,   1,   0,   0,   0,   1
   27450.771,  2340,Finish(2), after,   1,   0,   0,   0,   0
   27467.576,  2338,  Arrival,before,   0,   0,   0,   0,   0
   27467.576,  2338,  Arrival, after,   2,   0,   0,   1,   0
   27488.179,  2342,Finish(1),before,   1,   0,   0,   1,   0
   27488.179,  2342,Finish(1), after,   2,   0,   0,   0,   1
   27509.692,  2341,  Arrival,before,   1,   0,   0,   0,   1
   27509.692,  2341,  Arrival, after,   3,   0,   0,   1,   1
   27512.956,  2343,Finish(2),before,   2,   0,   0,   1,   1
   27512.956,  2343,Finish(2), after,   2,   0,   0,   1,   0
   27514.725,  2345,Finish(1),before,   1,   0,   0,   1,   0
   27514.725,  2345,Finish(1), after,   2,   0,   0,   0,   1
   27528.286,  2346,Finish(2),before,   1,   0,   0,   0,   1
   27528.286,  2346,Finish(2), after,   1,   0,   0,   0,   0
   27556.001,  2344,  Arrival,before,   0,   0,   0,   0,   0
   27556.001,  2344,  Arrival, after,   2,   0,   0,   1,   0
   27557.492,  2348,Finish(1),before,   1,   0,   0,   1,   0
   27557.492,  2348,Finish(1), after,   2,   0,   0,   0,   1
   27570.938,  2347,  Arrival,before,   1,   0,   0,   0,   1
   27570.938,  2347,  Arrival, after,   3,   0,   0,   1,   1
   27575.747,  2349,Finish(2),before,   2,   0,   0,   1,   1
   27575.747,  2349,Finish(2), after,   2,   0,   0,   1,   0
   27576.916,  2351,Finish(1),before,   1,   0,   0,   1,   0
   27576.916,  2351,Finish(1), after,   2,   0,   0,   0,   1
   27593.998,  2352,Finish(2),before,   1,   0,   0,   0,   1
   27593.998,  2352,Finish(2), after,   1,   0,   0,   0,   0
   27600.634,  2350,  Arrival,before,   0,   0,   0,   0,   0
   27600.634,  2350,  Arrival, after,   2,   0,   0,   1,   0
   27615.015,  2354,Finish(1),before,   1,   0,   0,   1,   0
   27615.015,  2354,Finish(1), after,   2,   0,   0,   0,   1
   27628.546,  2355,Finish(2),before,   1,   0,   0,   0,   1
   27628.546,  2355,Finish(2), after,   1,   0,   0,   0,   0
   27630.299,  2353,  Arrival,before,   0,   0,   0,   0,   0
   27630.299,  2353,  Arrival, after,   2,   0,   0,   1,   0
   27651.957,  2357,Finish(1),before,   1,   0,   0,   1,   0
   27651.957,  2357,Finish(1), after,   2,   0,   0,   0,   1
   27652.909,  2356,  Arrival,before,   1,   0,   0,   0,   1
   27652.909,  2356,  Arrival, after,   3,   0,   0,   1,   1
   27657.009,  2360,Finish(1),before,   2,   0,   0,   1,   1
   27657.009,  2360,Finish(1), after,   2,   0,   1,   0,   1
   27671.882,  2358,Finish(2),before,   1,   0,   1,   0,   1
   27671.882,  2358,Finish(2), after,   2,   0,   0,   0,   1
   27675.113,  2359,  Arrival,before,   1,   0,   0,   0,   1
   27675.113,  2359,  Arrival, after,   3,   0,   0,   1,   1
   27689.033,  2361,Finish(2),before,   2,   0,   0,   1,   1
   27689.033,  2361,Finish(2), after,   2,   0,   0,   1,   0
   27690.412,  2363,Finish(1),before,   1,   0,   0,   1,   0
   27690.412,  2363,Finish(1), after,   2,   0,   0,   0,   1
   27701.039,  2364,Finish(2),before,   1,   0,   0,   0,   1
   27701.039,  2364,Finish(2), after,   1,   0,   0,   0,   0
   27706.077,  2362,  Arrival,before,   0,   0,   0,   0,   0
   27706.077,  2362,  Arrival, after,   2,   0,   0,   1,   0
   27718.630,  2366,Finish(1),before,   1,   0,   0,   1,   0
   27718.630,  2366,Finish(1), after,   2,   0,   0,   0,   1
   27737.951,  2367,Finish(2),before,   1,   0,   0,   0,   1
   27737.951,  2367,Finish(2), after,   1,   0,   0,   0,   0
   27744.843,  2365,  Arrival,before,   0,   0,   0,   0,   0
   27744.843,  2365,  Arrival, after,   2,   0,   0,   1,   0
   27746.055,  2369,Finish(1),before,   1,   0,   0,   1,   0
   27746.055,  2369,Finish(1), after,   2,   0,   0,   0,   1
   27764.399,  2370,Finish(2),before,   1,   0,   0,   0,   1
   27764.399,  2370,Finish(2), after,   1,   0,   0,   0,   0
   27779.307,  2368,  Arrival,before,   0,   0,   0,   0,   0
   27779.307,  2368,  Arrival, after,   2,   0,   0,   1,   0
   27783.678,  2372,Finish(1),before,   1,   0,   0,   1,   0
   27783.678,  2372,Finish(1), after,   2,   0,   0,   0,   1
   27800.895,  2373,Finish(2),before,   1,   0,   0,   0,   1
   27800.895,  2373,Finish(2), after,   1,   0,   0,   0,   0
   27832.860,  2371,  Arrival,before,   0,   0,   0,   0,   0
   27832.860,  2371,  Arrival, after,   2,   0,   0,   1,   0
   27842.767,  2375,Finish(1),before,   1,   0,   0,   1,   0
   27842.767,  2375,Finish(1), after,   2,   0,   0,   0,   1
   27857.543,  2374,  Arrival,before,   1,   0,   0,   0,   1
   27857.543,  2374,  Arrival, after,   3,   0,   0,   1,   1
   27865.177,  2376,Finish(2),before,   2,   0,   0,   1,   1
   27865.177,  2376,Finish(2), after,   2,   0,   0,   1,   0
   27880.535,  2378,Finish(1),before,   1,   0,   0,   1,   0
   27880.535,  2378,Finish(1), after,   2,   0,   0,   0,   1
   27892.701,  2377,  Arrival,before,   1,   0,   0,   0,   1
   27892.701,  2377,  Arrival, after,   3,   0,   0,   1,   1
   27897.994,  2381,Finish(1),before,   2,   0,   0,   1,   1
   27897.994,  2381,Finish(1), after,   2,   0,   1,   0,   1
   27901.300,  2379,Finish(2),before,   1,   0,   1,   0,   1
   27901.300,  2379,Finish(2), after,   2,   0,   0,   0,   1
   27910.060,  2380,  Arrival,before,   1,   0,   0,   0,   1
   27910.060,  2380,  Arrival, after,   3,   0,   0,   1,   1
   27911.428,  2382,Finish(2),before,   2,   0,   0,   1,   1
   27911.428,  2382,Finish(2), after,   2,   0,   0,   1,   0
   27936.637,  2384,Finish(1),before,   1,   0,   0,   1,   0
   27936.637,  2384,Finish(1), after,   2,   0,   0,   0,   1
   27948.881,  2385,Finish(2),before,   1,   0,   0,   0,   1
   27948.881,  2385,Finish(2), after,   1,   0,   0,   0,   0
   27959.702,  2383,  Arrival,before,   0,   0,   0,   0,   0
   27959.702,  2383,  Arrival, after,   2,   0,   0,   1,   0
   27970.273,  2387,Finish(1),before,   1,   0,   0,   1,   0
   27970.273,  2387,Finish(1), after,   2,   0,   0,   0,   1
   27982.527,  2388,Finish(2),before,   1,   0,   0,   0,   1
   27982.527,  2388,Finish(2), after,   1,   0,   0,   0,   0
   28010.264,  2386,  Arrival,before,   0,   0,   0,   0,   0
   28010.264,  2386,  Arrival, after,   2,   0,   0,   1,   0
   28015.170,  2390,Finish(1),before,   1,   0,   0,   1,   0
   28015.170,  2390,Finish(1), after,   2,   0,   0,   0,   1
   28029.730,  2391,Finish(2),before,   1,   0,   0,   0,   1
   28029.730,  2391,Finish(2), after,   1,   0,   0,   0,   0
   28062.522,  2389,  Arrival,before,   0,   0,   0,   0,   0
   28062.522,  2389,  Arrival, after,   2,   0,   0,   1,   0
   28068.246,  2393,Finish(1),before,   1,   0,   0,   1,   0
   28068.246,  2393,Finish(1), after,   2,   0,   0,   0,   1
   28082.964,  2394,Finish(2),before,   1,   0,   0,   0,   1
   28082.964,  2394,Finish(2), after,   1,   0,   0,   0,   0
   28112.053,  2392,  Arrival,before,   0,   0,   0,   0,   0
   28112.053,  2392,  Arrival, after,   2,   0,   0,   1,   0
   28112.147,  2396,Finish(1),before,   1,   0,   0,   1,   0
   28112.147,  2396,Finish(1), after,   2,   0,   0,   0,   1
   28128.473,  2397,Finish(2),before,   1,   0,   0,   0,   1
   28128.473,  2397,Finish(2), after,   1,   0,   0,   0,   0
   28158.347,  2395,  Arrival,before,   0,   0,   0,   0,   0
   28158.347,  2395,  Arrival, after,   2,   0,   0,   1,   0
   28176.310,  2399,Finish(1),before,   1,   0,   0,   1,   0
   28176.310,  2399,Finish(1), after,   2,   0,   0,   0,   1
   28187.578,  2400,Finish(2),before,   1,   0,   0,   0,   1
   28187.578,  2400,Finish(2), after,   1,   0,   0,   0,   0
   28214.469,  2398,  Arrival,before,   0,   0,   0,   0,   0
   28214.469,  2398,  Arrival, after,   2,   0,   0,   1,   0
   28251.863,  2402,Finish(1),before,   1,   0,   0,   1,   0
   28251.863,  2402,Finish(1), after,   2,   0,   0,   0,   1
   28260.159,  2401,  Arrival,before,   1,   0,   0,   0,   1
   28260.159,  2401,  Arrival, after,   3,   0,   0,   1,   1
   28264.896,  2405,Finish(1),before,   2,   0,   0,   1,   1
   28264.896,  2405,Finish(1), after,   2,   0,   1,   0,   1
   28267.508,  2403,Finish(2),before,   1,   0,   1,   0,   1
   28267.508,  2403,Finish(2), after,   2,   0,   0,   0,   1
   28281.105,  2406,Finish(2),before,   1,   0,   0,   0,   1
   28281.105,  2406,Finish(2), after,   1,   0,   0,   0,   0
   28309.503,  2404,  Arrival,before,   0,   0,   0,   0,   0
   28309.503,  2404,  Arrival, after,   2,   0,   0,   1,   0
   28313.327,  2408,Finish(1),before,   1,   0,   0,   1,   0
   28313.327,  2408,Finish(1), after,   2,   0,   0,   0,   1
   28324.484,  2409,Finish(2),before,   1,   0,   0,   0,   1
   28324.484,  2409,Finish(2), after,   1,   0,   0,   0,   0
   28351.946,  2407,  Arrival,before,   0,   0,   0,   0,   0
   28351.946,  2407,  Arrival, after,   2,   0,   0,   1,   0
   28363.707,  2411,Finish(1),before,   1,   0,   0,   1,   0
   28363.707,  2411,Finish(1), after,   2,   0,   0,   0,   1
   28377.217,  2412,Finish(2),before,   1,   0,   0,   0,   1
   28377.217,  2412,Finish(2), after,   1,   0,   0,   0,   0
   28391.872,  2410,  Arrival,before,   0,   0,   0,   0,   0
   28391.872,  2410,  Arrival, after,   2,   0,   0,   1,   0
   28402.684,  2414,Finish(1),before,   1,   0,   0,   1,   0
   28402.684,  2414,Finish(1), after,   2,   0,   0,   0,   1
   28406.354,  2413,  Arrival,before,   1,   0,   0,   0,   1
   28406.354,  2413,  Arrival, after,   3,   0,   0,   1,   1
   28411.475,  2417,Finish(1),before,   2,   0,   0,   1,   1
   28411.475,  2417,Finish(1), after,   2,   0,   1,   0,   1
   28413.897,  2415,Finish(2),before,   1,   0,   1,   0,   1
   28413.897,  2415,Finish(2), after,   2,   0,   0,   0,   1
   28430.020,  2418,Finish(2),before,   1,   0,   0,   0,   1
   28430.020,  2418,Finish(2), after,   1,   0,   0,   0,   0
   28431.620,  2416,  Arrival,before,   0,   0,   0,   0,   0
   28431.620,  2416,  Arrival, after,   2,   0,   0,   1,   0
   28437.122,  2420,Finish(1),before,   1,   0,   0,   1,   0
   28437.122,  2420,Finish(1), after,   2,   0,   0,   0,   1
   28447.410,  2421,Finish(2),before,   1,   0,   0,   0,   1
   28447.410,  2421,Finish(2), after,   1,   0,   0,   0,   0
   28466.723,  2419,  Arrival,before,   0,   0,   0,   0,   0
   28466.723,  2419,  Arrival, after,   2,   0,   0,   1,   0
   28467.014,  2423,Finish(1),before,   1,   0,   0,   1,   0
   28467.014,  2423,Finish(1), after,   2,   0,   0,   0,   1
   28483.577,  2424,Finish(2),before,   1,   0,   0,   0,   1
   28483.577,  2424,Finish(2), after,   1,   0,   0,   0,   0
   28499.064,  2422,  Arrival,before,   0,   0,   0,   0,   0
   28499.064,  2422,  Arrival, after,   2,   0,   0,   1,   0
   28507.856,  2426,Finish(1),before,   1,   0,   0,   1,   0
   28507.856,  2426,Finish(1), after,   2,   0,   0,   0,   1
   28523.378,  2425,  Arrival,before,   1,   0,   0,   0,   1
   28523.378,  2425,  Arrival, after,   3,   0,   0,   1,   1
   28523.758,  2427,Finish(2),before,   2,   0,   0,   1,   1
   28523.758,  2427,Finish(2), after,   2,   0,   0,   1,   0
   28530.929,  2429,Finish(1),before,   1,   0,   0,   1,   0
   28530.929,  2429,Finish(1), after,   2,   0,   0,   0,   1
   28550.606,  2430,Finish(2),before,   1,   0,   0,   0,   1
   28550.606,  2430,Finish(2), after,   1,   0,   0,   0,   0
   28552.092,  2428,  Arrival,before,   0,   0,   0,   0,   0
   28552.092,  2428,  Arrival, after,   2,   0,   0,   1,   0
   28584.842,  2432,Finish(1),before,   1,   0,   0,   1,   0
   28584.842,  2432,Finish(1), after,   2,   0,   0,   0,   1
   28585.867,  2431,  Arrival,before,   1,   0,   0,   0,   1
   28585.867,  2431,  Arrival, after,   3,   0,   0,   1,   1
   28587.035,  2435,Finish(1),before,   2,   0,   0,   1,   1
   28587.035,  2435,Finish(1), after,   2,   0,   1,   0,   1
   28600.595,  2434,  Arrival,before,   1,   0,   1,   0,   1
   28600.595,  2434,  Arrival, after,   3,   0,   1,   1,   1
   28600.651,  2437,Finish(1),before,   2,   0,   1,   1,   1
   28600.651,  2437,Finish(1), after,   2,   0,   2,   0,   1
   28606.775,  2433,Finish(2),before,   1,   0,   2,   0,   1
   28606.775,  2433,Finish(2), after,   2,   0,   1,   0,   1
   28624.970,  2438,Finish(2),before,   1,   0,   1,   0,   1
   28624.970,  2438,Finish(2), after,   2,   0,   0,   0,   1
   28646.791,  2439,Finish(2),before,   1,   0,   0,   0,   1
   28646.791,  2439,Finish(2), after,   1,   0,   0,   0,   0
   28651.155,  2436,  Arrival,before,   0,   0,   0,   0,   0
   28651.155,  2436,  Arrival, after,   2,   0,   0,   1,   0
   28660.112,  2441,Finish(1),before,   1,   0,   0,   1,   0
   28660.112,  2441,Finish(1), after,   2,   0,   0,   0,   1
   28674.714,  2442,Finish(2),before,   1,   0,   0,   0,   1
   28674.714,  2442,Finish(2), after,   1,   0,   0,   0,   0
   28683.905,  2440,  Arrival,before,   0,   0,   0,   0,   0
   28683.905,  2440,  Arrival, after,   2,   0,   0,   1,   0
   28704.941,  2444,Finish(1),before,   1,   0,   0,   1,   0
   28704.941,  2444,Finish(1), after,   2,   0,   0,   0,   1
   28723.399,  2443,  Arrival,before,   1,   0,   0,   0,   1
   28723.399,  2443,  Arrival, after,   3,   0,   0,   1,   1
   28723.435,  2447,Finish(1),before,   2,   0,   0,   1,   1
   28723.435,  2447,Finish(1), after,   2,   0,   1,   0,   1
   28723.588,  2445,Finish(2),before,   1,   0,   1,   0,   1
   28723.588,  2445,Finish(2), after,   2,   0,   0,   0,   1
   28736.872,  2448,Finish(2),before,   1,   0,   0,   0,   1
   28736.872,  2448,Finish(2), after,   1,   0,   0,   0,   0
   28775.257,  2446,  Arrival,before,   0,   0,   0,   0,   0
   28775.257,  2446,  Arrival, after,   2,   0,   0,   1,   0
   28787.485,  2450,Finish(1),before,   1,   0,   0,   1,   0
   28787.485,  2450,Finish(1), after,   2,   0,   0,   0,   1
   28801.212,  2451,Finish(2),before,   1,   0,   0,   0,   1
   28801.212,  2451,Finish(2), after,   1,   0,   0,   0,   0
   28802.678,  2449,  Arrival,before,   0,   0,   0,   0,   0
   28802.678,  2449,  Arrival, after,   2,   0,   0,   1,   0
   28813.001,  2453,Finish(1),before,   1,   0,   0,   1,   0
   28813.001,  2453,Finish(1), after,   2,   0,   0,   0,   1
   28826.985,  2454,Finish(2),before,   1,   0,   0,   0,   1
   28826.985,  2454,Finish(2), after,   1,   0,   0,   0,   0
   28831.566,  2452,  Arrival,before,   0,   0,   0,   0,   0
   28831.566,  2452,  Arrival, after,   2,   0,   0,   1,   0
   28840.018,  2456,Finish(1),before,   1,   0,   0,   1,   0
   28840.018,  2456,Finish(1), after,   2,   0,   0,   0,   1
   28858.601,  2457,Finish(2),before,   1,   0,   0,   0,   1
   28858.601,  2457,Finish(2), after,   1,   0,   0,   0,   0
   28884.593,  2455,  Arrival,before,   0,   0,   0,   0,   0
   28884.593,  2455,  Arrival, after,   2,   0,   0,   1,   0
   28889.913,  2459,Finish(1),before,   1,   0,   0,   1,   0
   28889.913,  2459,Finish(1), after,   2,   0,   0,   0,   1
   28904.966,  2460,Finish(2),before,   1,   0,   0,   0,   1
   28904.966,  2460,Finish(2), after,   1,   0,   0,   0,   0
   28928.608,  2458,  Arrival,before,   0,   0,   0,   0,   0
   28928.608,  2458,  Arrival, after,   2,   0,   0,   1,   0
   28940.356,  2462,Finish(1),before,   1,   0,   0,   1,   0
   28940.356,  2462,Finish(1), after,   2,   0,   0,   0,   1
   28947.075,  2461,  Arrival,before,   1,   0,   0,   0,   1
   28947.075,  2461,  Arrival, after,   3,   0,   0,   1,   1
   28949.045,  2465,Finish(1),before,   2,   0,   0,   1,   1
   28949.045,  2465,Finish(1), after,   2,   0,   1,   0,   1
   28956.945,  2463,Finish(2),before,   1,   0,   1,   0,   1
   28956.945,  2463,Finish(2), after,   2,   0,   0,   0,   1
   28970.124,  2466,Finish(2),before,   1,   0,   0,   0,   1
   28970.124,  2466,Finish(2), after,   1,   0,   0,   0,   0
   28996.813,  2464,  Arrival,before,   0,   0,   0,   0,   0
   28996.813,  2464,  Arrival, after,   2,   0,   0,   1,   0
   28996.960,  2468,Finish(1),before,   1,   0,   0,   1,   0
   28996.960,  2468,Finish(1), after,   2,   0,   0,   0,   1
   29015.508,  2469,Finish(2),before,   1,   0,   0,   0,   1
   29015.508,  2469,Finish(2), after,   1,   0,   0,   0,   0
   29046.301,  2467,  Arrival,before,   0,   0,   0,   0,   0
   29046.301,  2467,  Arrival, after,   2,   0,   0,   1,   0
   29059.088,  2471,Finish(1),before,   1,   0,   0,   1,   0
   29059.088,  2471,Finish(1), after,   2,   0,   0,   0,   1
   29064.772,  2470,  Arrival,before,   1,   0,   0,   0,   1
   29064.772,  2470,  Arrival, after,   3,   0,   0,   1,   1
   29075.919,  2472,Finish(2),before,   2,   0,   0,   1,   1
   29075.919,  2472,Finish(2), after,   2,   0,   0,   1,   0
   29088.871,  2474,Finish(1),before,   1,   0,   0,   1,   0
   29088.871,  2474,Finish(1), after,   2,   0,   0,   0,   1
   29090.817,  2473,  Arrival,before,   1,   0,   0,   0,   1
   29090.817,  2473,  Arrival, after,   3,   0,   0,   1,   1
   29105.162,  2475,Finish(2),before,   2,   0,   0,   1,   1
   29105.162,  2475,Finish(2), after,   2,   0,   0,   1,   0
   29142.921,  2476,  Arrival,before,   1,   0,   0,   1,   0
   29142.921,  2476,  Arrival, after,   2,   1,   0,   1,   0
   29159.117,  2477,Finish(1),before,   1,   1,   0,   1,   0
   29159.117,  2477,Finish(1), after,   3,   0,   0,   1,   1
   29159.424,  2479,Finish(1),before,   2,   0,   0,   1,   1
   29159.424,  2479,Finish(1), after,   2,   0,   1,   0,   1
   29178.453,  2480,Finish(2),before,   1,   0,   1,   0,   1
   29178.453,  2480,Finish(2), after,   2,   0,   0,   0,   1
   29196.513,  2481,Finish(2),before,   1,   0,   0,   0,   1
   29196.513,  2481,Finish(2), after,   1,   0,   0,   0,   0
   29200.566,  2478,  Arrival,before,   0,   0,   0,   0,   0
   29200.566,  2478,  Arrival, after,   2,   0,   0,   1,   0
   29216.860,  2483,Finish(1),before,   1,   0,   0,   1,   0
   29216.860,  2483,Finish(1), after,   2,   0,   0,   0,   1
   29226.921,  2484,Finish(2),before,   1,   0,   0,   0,   1
   29226.921,  2484,Finish(2), after,   1,   0,   0,   0,   0
   29252.639,  2482,  Arrival,before,   0,   0,   0,   0,   0
   29252.639,  2482,  Arrival, after,   2,   0,   0,   1,   0
   29259.804,  2486,Finish(1),before,   1,   0,   0,   1,   0
   29259.804,  2486,Finish(1), after,   2,   0,   0,   0,   1
   29274.465,  2487,Finish(2),before,   1,   0,   0,   0,   1
   29274.465,  2487,Finish(2), after,   1,   0,   0,   0,   0
   29281.699,  2485,  Arrival,before,   0,   0,   0,   0,   0
   29281.699,  2485,  Arrival, after,   2,   0,   0,   1,   0
   29291.828,  2489,Finish(1),before,   1,   0,   0,   1,   0
   29291.828,  2489,Finish(1), after,   2,   0,   0,   0,   1
   29305.664,  2490,Finish(2),before,   1,   0,   0,   0,   1
   29305.664,  2490,Finish(2), after,   1,   0,   0,   0,   0
   29336.966,  2488,  Arrival,before,   0,   0,   0,   0,   0
   29336.966,  2488,  Arrival, after,   2,   0,   0,   1,   0
   29346.610,  2492,Finish(1),before,   1,   0,   0,   1,   0
   29346.610,  2492,Finish(1), after,   2,   0,   0,   0,   1
   29363.326,  2493,Finish(2),before,   1,   0,   0,   0,   1
   29363.326,  2493,Finish(2), after,   1,   0,   0,   0,   0
   29368.577,  2491,  Arrival,before,   0,   0,   0,   0,   0
   29368.577,  2491,  Arrival, after,   2,   0,   0,   1,   0
   29373.053,  2495,Finish(1),before,   1,   0,   0,   1,   0
   29373.053,  2495,Finish(1), after,   2,   0,   0,   0,   1
   29389.462,  2496,Finish(2),before,   1,   0,   0,   0,   1
   29389.462,  2496,Finish(2), after,   1,   0,   0,   0,   0
   29423.754,  2494,  Arrival,before,   0,   0,   0,   0,   0
   29423.754,  2494,  Arrival, after,   2,   0,   0,   1,   0
   29431.867,  2498,Finish(1),before,   1,   0,   0,   1,   0
   29431.867,  2498,Finish(1), after,   2,   0,   0,   0,   1
   29443.311,  2499,Finish(2),before,   1,   0,   0,   0,   1
   29443.311,  2499,Finish(2), after,   1,   0,   0,   0,   0
   29459.477,  2497,  Arrival,before,   0,   0,   0,   0,   0
   29459.477,  2497,  Arrival, after,   2,   0,   0,   1,   0
   29460.678,  2501,Finish(1),before,   1,   0,   0,   1,   0
   29460.678,  2501,Finish(1), after,   2,   0,   0,   0,   1
   29478.628,  2502,Finish(2),before,   1,   0,   0,   0,   1
   29478.628,  2502,Finish(2), after,   1,   0,   0,   0,   0
   29513.374,  2500,  Arrival,before,   0,   0,   0,   0,   0
   29513.374,  2500,  Arrival, after,   2,   0,   0,   1,   0
   29516.657,  2504,Finish(1),before,   1,   0,   0,   1,   0
   29516.657,  2504,Finish(1), after,   2,   0,   0,   0,   1
   29525.986,  2505,Finish(2),before,   1,   0,   0,   0,   1
   29525.986,  2505,Finish(2), after,   1,   0,   0,   0,   0
   29570.949,  2503,  Arrival,before,   0,   0,   0,   0,   0
   29570.949,  2503,  Arrival, after,   2,   0,   0,   1,   0
   29589.912,  2507,Finish(1),before,   1,   0,   0,   1,   0
   29589.912,  2507,Finish(1), after,   2,   0,   0,   0,   1
   29602.067,  2508,Finish(2),before,   1,   0,   0,   0,   1
   29602.067,  2508,Finish(2), after,   1,   0,   0,   0,   0
   29602.478,  2506,  Arrival,before,   0,   0,   0,   0,   0
   29602.478,  2506,  Arrival, after,   2,   0,   0,   1,   0
   29617.339,  2510,Finish(1),before,   1,   0,   0,   1,   0
   29617.339,  2510,Finish(1), after,   2,   0,   0,   0,   1
   29619.231,  2509,  Arrival,before,   1,   0,   0,   0,   1
   29619.231,  2509,  Arrival, after,   3,   0,   0,   1,   1
   29629.924,  2511,Finish(2),before,   2,   0,   0,   1,   1
   29629.924,  2511,Finish(2), after,   2,   0,   0,   1,   0
   29632.647,  2513,Finish(1),before,   1,   0,   0,   1,   0
   29632.647,  2513,Finish(1), after,   2,   0,   0,   0,   1
   29637.264,  2512,  Arrival,before,   1,   0,   0,   0,   1
   29637.264,  2512,  Arrival, after,   3,   0,   0,   1,   1
   29641.858,  2516,Finish(1),before,   2,   0,   0,   1,   1
   29641.858,  2516,Finish(1), after,   2,   0,   1,   0,   1
   29648.647,  2514,Finish(2),before,   1,   0,   1,   0,   1
   29648.647,  2514,Finish(2), after,   2,   0,   0,   0,   1
   29665.434,  2517,Finish(2),before,   1,   0,   0,   0,   1
   29665.434,  2517,Finish(2), after,   1,   0,   0,   0,   0
   29665.744,  2515,  Arrival,before,   0,   0,   0,   0,   0
   29665.744,  2515,  Arrival, after,   2,   0,   0,   1,   0
   29666.647,  2519,Finish(1),before,   1,   0,   0,   1,   0
   29666.647,  2519,Finish(1), after,   2,   0,   0,   0,   1
   29677.242,  2518,  Arrival,before,   1,   0,   0,   0,   1
   29677.242,  2518,  Arrival, after,   3,   0,   0,   1,   1
   29678.898,  2520,Finish(2),before,   2,   0,   0,   1,   1
   29678.898,  2520,Finish(2), after,   2,   0,   0,   1,   0
   29691.449,  2522,Finish(1),before,   1,   0,   0,   1,   0
   29691.449,  2522,Finish(1), after,   2,   0,   0,   0,   1
   29710.362,  2523,Finish(2),before,   1,   0,   0,   0,   1
   29710.362,  2523,Finish(2), after,   1,   0,   0,   0,   0
   29733.498,  2521,  Arrival,before,   0,   0,   0,   0,   0
   29733.498,  2521,  Arrival, after,   2,   0,   0,   1,   0
   29747.010,  2525,Finish(1),before,   1,   0,   0,   1,   0
   29747.010,  2525,Finish(1), after,   2,   0,   0,   0,   1
   29769.912,  2526,Finish(2),before,   1,   0,   0,   0,   1
   29769.912,  2526,Finish(2), after,   1,   0,   0,   0,   0
   29792.305,  2524,  Arrival,before,   0,   0,   0,   0,   0
   29792.305,  2524,  Arrival, after,   2,   0,   0,   1,   0
   29820.767,  2528,Finish(1),before,   1,   0,   0,   1,   0
   29820.767,  2528,Finish(1), after,   2,   0,   0,   0,   1
   29829.117,  2527,  Arrival,before,   1,   0,   0,   0,   1
   29829.117,  2527,  Arrival, after,   3,   0,   0,   1,   1
   29834.805,  2529,Finish(2),before,   2,   0,   0,   1,   1
   29834.805,  2529,Finish(2), after,   2,   0,   0,   1,   0
   29834.875,  2531,Finish(1),before,   1,   0,   0,   1,   0
   29834.875,  2531,Finish(1), after,   2,   0,   0,   0,   1
   29846.833,  2532,Finish(2),before,   1,   0,   0,   0,   1
   29846.833,  2532,Finish(2), after,   1,   0,   0,   0,   0
   29872.422,  2530,  Arrival,before,   0,   0,   0,   0,   0
   29872.422,  2530,  Arrival, after,   2,   0,   0,   1,   0
   29876.371,  2534,Finish(1),before,   1,   0,   0,   1,   0
   29876.371,  2534,Finish(1), after,   2,   0,   0,   0,   1
   29889.486,  2535,Finish(2),before,   1,   0,   0,   0,   1
   29889.486,  2535,Finish(2), after,   1,   0,   0,   0,   0
   29922.906,  2533,  Arrival,before,   0,   0,   0,   0,   0
   29922.906,  2533,  Arrival, after,   2,   0,   0,   1,   0
   29925.520,  2537,Finish(1),before,   1,   0,   0,   1,   0
   29925.520,  2537,Finish(1), after,   2,   0,   0,   0,   1
   29943.341,  2538,Finish(2),before,   1,   0,   0,   0,   1
   29943.341,  2538,Finish(2), after,   1,   0,   0,   0,   0
   29945.446,  2536,  Arrival,before,   0,   0,   0,   0,   0
   29945.446,  2536,  Arrival, after,   2,   0,   0,   1,   0
   29949.751,  2540,Finish(1),before,   1,   0,   0,   1,   0
   29949.751,  2540,Finish(1), after,   2,   0,   0,   0,   1
   29968.209,  2541,Finish(2),before,   1,   0,   0,   0,   1
   29968.209,  2541,Finish(2), after,   1,   0,   0,   0,   0
   29991.846,  2539,  Arrival,before,   0,   0,   0,   0,   0
   29991.846,  2539,  Arrival, after,   2,   0,   0,   1,   0
   29993.989,  2543,Finish(1),before,   1,   0,   0,   1,   0
   29993.989,  2543,Finish(1), after,   2,   0,   0,   0,   1
   30009.862,  2544,Finish(2),before,   1,   0,   0,   0,   1
   30009.862,  2544,Finish(2), after,   1,   0,   0,   0,   0
